5.376671395461000147e-01 1.513541951039026889e-01 1.000000000000000000e+00
1.833885014595086460e+00 -1.360958548462048334e+00 1.000000000000000000e+00
-2.258846861003648065e+00 1.179469847071485278e+00 1.000000000000000000e+00
8.621733203681205548e-01 -7.033511251793340691e-01 1.000000000000000000e+00
3.187652398589808089e-01 -7.622222604813266855e-03 1.000000000000000000e+00
-1.307688296305273390e+00 3.536808670857696235e-01 1.000000000000000000e+00
-4.335920223056835554e-01 4.617786717398157381e-01 1.000000000000000000e+00
3.426244665386499189e-01 1.983693285329120315e-01 1.000000000000000000e+00
3.578396939725760451e+00 -9.332545783721029053e-01 1.000000000000000000e+00
2.769437029884877166e+00 -1.481780282821571371e+00 1.000000000000000000e+00
-1.349886940156521220e+00 -3.942341646417086842e-01 1.000000000000000000e+00
3.034923466331854502e+00 -1.937256106834233993e+00 1.000000000000000000e+00
7.254042249461055691e-01 3.145950515292690874e-01 1.000000000000000000e+00
-6.305487318965619092e-02 -5.045502075972976286e-01 1.000000000000000000e+00
7.147429038260958434e-01 1.231054829572355014e-01 1.000000000000000000e+00
-2.049660582997746283e-01 1.645079291514835729e-01 1.000000000000000000e+00
-1.241443482163119144e-01 7.804204854676253245e-01 1.000000000000000000e+00
1.489697607785464895e+00 -1.725298803575248785e+00 1.000000000000000000e+00
1.409034489800479184e+00 -8.033663578873146971e-01 1.000000000000000000e+00
1.417192413429613884e+00 -1.312518949344706254e+00 1.000000000000000000e+00
6.714971336080804987e-01 1.118255448560640630e+00 1.000000000000000000e+00
-1.207486922685037767e+00 1.016352908456764403e+00 1.000000000000000000e+00
7.172386513288384613e-01 3.308666632938878083e-01 1.000000000000000000e+00
1.630235289164729151e+00 -1.344207773576045373e+00 1.000000000000000000e+00
4.888937703117893774e-01 -4.787546757062067782e-01 1.000000000000000000e+00
1.034693009917860174e+00 -6.535812095840238811e-01 1.000000000000000000e+00
7.268851333832379025e-01 1.857697422526924380e-01 1.000000000000000000e+00
-3.034409247860159198e-01 1.278449599918851654e-02 1.000000000000000000e+00
2.938714670966580678e-01 2.038349955333127184e-01 1.000000000000000000e+00
-7.872828037586375727e-01 -6.322667480762558245e-01 1.000000000000000000e+00
8.883956317576418016e-01 -6.211228147660374788e-01 1.000000000000000000e+00
-1.147070106969150460e+00 1.617417909061488746e-01 1.000000000000000000e+00
-1.068870458168031723e+00 -2.540932823155849229e-01 1.000000000000000000e+00
-8.094986944248755423e-01 6.587366726654105831e-01 1.000000000000000000e+00
-2.944284161994896287e+00 1.613134112832726341e+00 1.000000000000000000e+00
1.438380292815098382e+00 -7.024502052853234257e-01 1.000000000000000000e+00
3.251905394561978579e-01 -8.294342414421519427e-01 1.000000000000000000e+00
-7.549283191697033768e-01 9.412102987556467681e-01 1.000000000000000000e+00
1.370298540095227890e+00 -5.100595647459581494e-01 1.000000000000000000e+00
-1.711516418853697985e+00 7.062251942603577914e-01 1.000000000000000000e+00
-1.022424460854908929e-01 6.256611941856032866e-02 1.000000000000000000e+00
-2.414470416073579428e-01 -1.027419667936700642e-02 1.000000000000000000e+00
3.192067391655017961e-01 -1.034709553806145710e+00 1.000000000000000000e+00
3.128585966374284322e-01 -2.992547841163791245e-01 1.000000000000000000e+00
-8.648799173244564598e-01 1.675670287841607431e-02 1.000000000000000000e+00
-3.005129619626855861e-02 -4.745775044855167768e-01 1.000000000000000000e+00
-1.648790192090383022e-01 -4.957613182274819286e-01 1.000000000000000000e+00
6.277072875287265097e-01 -5.806321984223570265e-01 1.000000000000000000e+00
1.093265669039483967e+00 -1.547950702461272199e+00 1.000000000000000000e+00
1.109273297614397524e+00 -7.252193749138502454e-02 1.000000000000000000e+00
-8.636528219887144031e-01 6.918564617220859247e-01 1.000000000000000000e+00
7.735909113042492569e-02 -4.869347138648150164e-02 1.000000000000000000e+00
-1.214117043615409175e+00 5.896729787934631428e-01 1.000000000000000000e+00
-1.113500741486764367e+00 1.576685784613109931e-01 1.000000000000000000e+00
-6.849328103348064495e-03 5.127673051159618023e-01 1.000000000000000000e+00
1.532630308284749887e+00 -8.329238938962423289e-01 1.000000000000000000e+00
-7.696659137536818740e-01 2.756787498326174202e-02 1.000000000000000000e+00
3.713788127600577416e-01 4.900034778332995611e-01 1.000000000000000000e+00
-2.255844022712519270e-01 4.066731093339132075e-04 1.000000000000000000e+00
1.117356138814466604e+00 -8.531925847676339325e-01 1.000000000000000000e+00
-1.089064295052235787e+00 3.976553486584098462e-01 1.000000000000000000e+00
3.255746416497346668e-02 -4.402418539014537058e-01 1.000000000000000000e+00
5.525270211122237374e-01 -8.363276611779757452e-01 1.000000000000000000e+00
1.100610217880866326e+00 7.126947371187215552e-01 1.000000000000000000e+00
1.544211895503950993e+00 5.564284869169733305e-02 1.000000000000000000e+00
8.593113317542545870e-02 1.108020130314132379e-01 1.000000000000000000e+00
-1.491590310637609385e+00 1.172359756427779898e-01 1.000000000000000000e+00
-7.423018372598566561e-01 -6.158309664747357859e-02 1.000000000000000000e+00
-1.061581733319986398e+00 4.425238095442677322e-01 1.000000000000000000e+00
2.350457224002042267e+00 -7.795205811867040868e-01 1.000000000000000000e+00
-6.156018814668943184e-01 -3.582012699241765019e-01 1.000000000000000000e+00
7.480767837039851154e-01 -1.538971969754530544e+00 1.000000000000000000e+00
-1.924185105882635638e-01 -6.283393911252378450e-01 1.000000000000000000e+00
8.886104254207207731e-01 -2.775497961774574529e-01 1.000000000000000000e+00
-7.648492365678741800e-01 5.781014205003875972e-01 1.000000000000000000e+00
-1.402268969338758664e+00 9.269741941334981306e-01 1.000000000000000000e+00
-1.422375925091496462e+00 6.460456359728878883e-01 1.000000000000000000e+00
4.881939098599406557e-01 -1.522524069989992790e-01 1.000000000000000000e+00
-1.773751566188252193e-01 -1.493889300001243203e-01 1.000000000000000000e+00
-1.960534878073328102e-01 5.290375496821274615e-01 1.000000000000000000e+00
1.419310150642549395e+00 -1.390502310756651871e+00 1.000000000000000000e+00
2.915843739841825211e-01 8.172259123007591386e-02 1.000000000000000000e+00
1.978110534643607310e-01 -5.232602166990099057e-01 1.000000000000000000e+00
1.587699089974059286e+00 -9.612930144690534640e-01 1.000000000000000000e+00
-8.044659563495470955e-01 6.786246511470486187e-01 1.000000000000000000e+00
6.966244158496073258e-01 1.712331188276743354e-01 1.000000000000000000e+00
8.350881650726819094e-01 -9.763634241689449489e-01 1.000000000000000000e+00
-2.437151403779521941e-01 7.521869247494242794e-01 1.000000000000000000e+00
2.156700864037444099e-01 2.222365273216166393e-01 1.000000000000000000e+00
-1.165843931482048790e+00 5.489891889696807414e-01 1.000000000000000000e+00
-1.147952778898594151e+00 4.763657904999198944e-01 1.000000000000000000e+00
1.048747160164939796e-01 -1.612405330798429570e-01 1.000000000000000000e+00
7.222540322250016187e-01 -5.126808267883712356e-01 1.000000000000000000e+00
2.585491252616241464e+00 -1.281222814095568152e+00 1.000000000000000000e+00
-6.668906707013855240e-01 3.590905132750801254e-01 1.000000000000000000e+00
1.873310245789397976e-01 3.193658828163278285e-01 1.000000000000000000e+00
-8.249442537095540151e-02 8.047355560521640694e-01 1.000000000000000000e+00
-1.933022917850986566e+00 1.199968676767843245e+00 1.000000000000000000e+00
-4.389661539347733399e-01 1.146264077730183156e-01 1.000000000000000000e+00
-1.794678841455123353e+00 1.209934599271374589e+00 1.000000000000000000e+00
2.129561240166566893e+00 1.967480590778001970e+00 -1.000000000000000000e+00
1.271844386898228763e+00 1.900351499613710082e+00 -1.000000000000000000e+00
2.671201193643057969e+00 1.830053530856672772e+00 -1.000000000000000000e+00
2.217125565272789256e+00 2.252681138525899573e+00 -1.000000000000000000e+00
2.095583118205023965e+00 2.427856928404268366e+00 -1.000000000000000000e+00
2.364334177831139527e+00 1.390420849751495158e+00 -1.000000000000000000e+00
2.184842184384609087e+00 2.143301061093052962e+00 -1.000000000000000000e+00
1.334269026966768079e+00 2.456365403356988608e+00 -1.000000000000000000e+00
1.885209930718370508e+00 2.536169799691252891e+00 -1.000000000000000000e+00
1.896723777640456188e+00 2.365261979013162374e+00 -1.000000000000000000e+00
1.623811147790091169e+00 2.733635707136315318e+00 -1.000000000000000000e+00
3.189426858444601720e+00 1.211708556049426289e+00 -1.000000000000000000e+00
1.380765840846190251e+00 2.288270777216209417e+00 -1.000000000000000000e+00
1.657891097227023991e+00 2.775348068696533055e+00 -1.000000000000000000e+00
1.496536755147039877e+00 1.100757004209351742e+00 -1.000000000000000000e+00
1.169706497874019036e+00 2.212738926048787302e+00 -1.000000000000000000e+00
1.864066133535948522e+00 1.362803558600275355e+00 -1.000000000000000000e+00
1.806203081893300588e+00 1.899855504165222975e+00 -1.000000000000000000e+00
3.081924650656429954e+00 1.717793613613874282e+00 -1.000000000000000000e+00
1.823912915885319119e+00 2.572754063779755462e+00 -1.000000000000000000e+00
1.247487479116277775e+00 1.877368686721192059e+00 -1.000000000000000000e+00
3.133815528843742815e+00 1.053233298956776975e+00 -1.000000000000000000e+00
2.873049997356090568e+00 1.553682975737219252e+00 -1.000000000000000000e+00
1.837629579384134848e+00 1.932319394629239850e+00 -1.000000000000000000e+00
9.349842597660176224e-01 2.809743801830776988e+00 -1.000000000000000000e+00
1.685600655886168919e+00 2.414874711884600789e+00 -1.000000000000000000e+00
1.889733036173762315e+00 1.540094478640239517e+00 -1.000000000000000000e+00
2.195209734425318970e+00 1.782843855218744444e+00 -1.000000000000000000e+00
1.815329415072050478e+00 9.047075115981015880e-01 -1.000000000000000000e+00
2.313546641541193605e+00 2.459786441010513247e+00 -1.000000000000000000e+00
2.277111052997425666e+00 1.477865893736926228e+00 -1.000000000000000000e+00
1.115636463896068964e+00 1.849617737543784335e+00 -1.000000000000000000e+00
1.329690403519590225e+00 2.258532951732612482e+00 -1.000000000000000000e+00
1.475958855396060532e+00 1.506259978040558778e+00 -1.000000000000000000e+00
1.640918766592762701e+00 2.203649889711383647e+00 -1.000000000000000000e+00
1.773318885400658074e+00 1.818848651944396044e+00 -1.000000000000000000e+00
2.008816943701695390e+00 3.226647508329223868e+00 -1.000000000000000000e+00
-1.419518395235090935e-01 3.929184380135646304e+00 -1.000000000000000000e+00
1.676841848338169294e+00 7.814425883931561678e-01 -1.000000000000000000e+00
2.878543693433310402e+00 1.722525996855889474e+00 -1.000000000000000000e+00
1.245728207276706634e+00 1.661656857218163363e+00 -1.000000000000000000e+00
2.660245515609688471e+00 1.459571692817808852e+00 -1.000000000000000000e+00
2.247714355650968443e+00 1.944372374688109861e+00 -1.000000000000000000e+00
1.979489827788065037e+00 2.435288345162489598e+00 -1.000000000000000000e+00
2.129013164885664722e+00 1.768133421464524790e+00 -1.000000000000000000e+00
8.933382794572328756e-01 3.555687050572122754e+00 -1.000000000000000000e+00
1.940221560542903845e+00 1.763807926596365316e+00 -1.000000000000000000e+00
3.134161341170712767e+00 1.504772028545139584e+00 -1.000000000000000000e+00
2.069542378362626778e+00 2.334304976487902916e+00 -1.000000000000000000e+00
2.029255562660697620e+00 2.030636607677878569e+00 -1.000000000000000000e+00
1.480864041874425441e+00 2.809823725633837643e+00 -1.000000000000000000e+00
1.978211402554637122e+00 2.195910119699712393e+00 -1.000000000000000000e+00
2.164294148215204050e+00 1.457843443942534956e+00 -1.000000000000000000e+00
2.301501533257433341e+00 7.978256885746697336e-01 -1.000000000000000000e+00
1.736384410641685916e+00 3.209548295526380102e+00 -1.000000000000000000e+00
1.832801360382651179e+00 1.758345323607428901e+00 -1.000000000000000000e+00
3.430965548942435994e+00 1.199889759072473083e+00 -1.000000000000000000e+00
4.031025931425786801e-01 3.276713782453573476e+00 -1.000000000000000000e+00
3.576456158938130070e+00 1.118386470007552980e+00 -1.000000000000000000e+00
2.238693581785953235e+00 1.344993418779058647e+00 -1.000000000000000000e+00
2.707149787130446406e+00 1.311130805392498377e+00 -1.000000000000000000e+00
8.232580147268988568e-01 2.635396768297069592e+00 -1.000000000000000000e+00
1.582782558516038440e+00 3.086955727639118408e+00 -1.000000000000000000e+00
1.803378944196583067e+00 1.631021744077490787e+00 -1.000000000000000000e+00
2.298905131775959010e+00 2.264532436296403439e+00 -1.000000000000000000e+00
8.189897606074283409e-01 2.883189755706494939e+00 -1.000000000000000000e+00
2.333495830449317410e+00 1.667611284419933115e+00 -1.000000000000000000e+00
1.142387520567075043e+00 1.916653410701535165e+00 -1.000000000000000000e+00
2.046803432088108554e+00 1.811183544083950991e+00 -1.000000000000000000e+00
2.461285272619433862e+00 1.674189407156378095e+00 -1.000000000000000000e+00
2.231266320645568069e+00 1.030024830483526888e+00 -1.000000000000000000e+00
2.765537492385565344e+00 1.649392199426089833e+00 -1.000000000000000000e+00
2.711403947456720864e+00 1.107998310094858496e+00 -1.000000000000000000e+00
1.539738725524941954e+00 2.222846237637572386e+00 -1.000000000000000000e+00
2.181766152067316167e+00 2.081131295410912685e+00 -1.000000000000000000e+00
1.332224049089500095e+00 1.888915954609199588e+00 -1.000000000000000000e+00
1.065354373228778240e+00 2.397724953879767362e+00 -1.000000000000000000e+00
2.653950688990578399e+00 1.805654986360276437e+00 -1.000000000000000000e+00
2.000035248619145722e+00 9.614600916540210207e-01 -1.000000000000000000e+00
1.961166463064283549e+00 2.609336594054447289e+00 -1.000000000000000000e+00
2.644264268067801460e+00 2.984923772207260129e+00 -1.000000000000000000e+00
2.420434164420911305e+00 2.290458386208419572e+00 -1.000000000000000000e+00
2.247629624826172900e+00 1.672794609920330355e+00 -1.000000000000000000e+00
2.884061121721273047e+00 1.712028929766379992e+00 -1.000000000000000000e+00
2.657460431221929209e+00 1.019482251592551458e+00 -1.000000000000000000e+00
2.169538224945495308e+00 2.960558186050799012e+00 -1.000000000000000000e+00
1.511840982522626886e+00 2.825038180648293817e+00 -1.000000000000000000e+00
1.539282001611585793e+00 2.721820831137707231e+00 -1.000000000000000000e+00
2.842943316517828833e+00 9.987647060122422094e-01 -1.000000000000000000e+00
8.602638020433712729e-01 2.864832280819186838e+00 -1.000000000000000000e+00
1.982702798723786408e+00 1.694559380993113873e+00 -1.000000000000000000e+00
6.219569457185278871e-01 2.650654749596489168e+00 -1.000000000000000000e+00
2.721601066206878805e+00 1.244593058354858117e+00 -1.000000000000000000e+00
2.609325440881383962e+00 1.054162179229523044e+00 -1.000000000000000000e+00
2.000821717111497478e+00 1.485442836251354093e+00 -1.000000000000000000e+00
1.949910526213867401e+00 1.911317821660730498e+00 -1.000000000000000000e+00
2.419317797156350647e-01 2.093818280784437214e+00 -1.000000000000000000e+00
2.410950890402081548e+00 2.097140255705645107e+00 -1.000000000000000000e+00
4.497144007819229294e-01 2.863534584208005107e+00 -1.000000000000000000e+00
3.600211677001055044e-01 3.379492109825088075e+00 -1.000000000000000000e+00
