1.357189377864735480e+00 -1.006921694000968426e+00 1.000000000000000000e+00
1.862919509089231429e+00 -7.047374088152197347e-01 1.000000000000000000e+00
-1.799982965835944082e+00 1.008964120256164998e+00 1.000000000000000000e+00
-1.043414165567495111e+00 1.354427805980598469e-02 -1.000000000000000000e+00
5.315315697340373957e-03 -9.724862073814697361e-01 -1.000000000000000000e+00
5.856121030292251728e-01 -8.003409407517871887e-01 -1.000000000000000000e+00
4.454847857129575206e-01 2.072203669770607881e+00 1.000000000000000000e+00
-3.091221496789292589e-01 -1.844509393038986644e+00 1.000000000000000000e+00
-4.078381227638955830e-01 -2.267757872444228884e+00 1.000000000000000000e+00
-1.263083109681628069e-01 -9.328319224885589511e-01 -1.000000000000000000e+00
-1.989748023898908258e+00 -9.693301852036046995e-01 1.000000000000000000e+00
1.676192575735507173e+00 5.434540769104746483e-01 1.000000000000000000e+00
1.053306126985527197e-01 7.374468649139025445e-01 -1.000000000000000000e+00
-7.775635371413496255e-01 7.378816998515136394e-01 -1.000000000000000000e+00
1.775601599906528189e-02 -8.318236786403567784e-01 -1.000000000000000000e+00
8.547553180867464295e-01 -7.821530219708389131e-01 -1.000000000000000000e+00
-2.087294064858995934e+00 -2.716985079473708264e-01 1.000000000000000000e+00
-4.526999529484433960e-01 7.491127116278587517e-01 -1.000000000000000000e+00
-2.100824488438019166e+00 1.313827177658235812e-01 1.000000000000000000e+00
-8.261568733595893443e-02 -1.124425063491537147e+00 -1.000000000000000000e+00
4.179120193981592513e-01 -1.942114937116952156e+00 1.000000000000000000e+00
-1.061088498248531353e+00 -3.759964960011007440e-01 -1.000000000000000000e+00
1.130331478018974378e-01 1.999231652144784599e+00 1.000000000000000000e+00
1.753504835922512495e+00 4.035067960436229395e-01 1.000000000000000000e+00
-2.293045724332503643e-01 9.773659736345164939e-01 -1.000000000000000000e+00
2.024100970856983928e+00 7.848929598204359981e-02 1.000000000000000000e+00
1.145981921918385327e+00 5.359776132630618140e-01 -1.000000000000000000e+00
1.629494133146717427e+00 1.119234955877515203e+00 1.000000000000000000e+00
4.320092406286471509e-01 1.892471446702145510e+00 1.000000000000000000e+00
-7.140116702501010659e-02 -1.975413425612938090e+00 1.000000000000000000e+00
-2.091458183200856080e+00 4.468939014806508347e-01 1.000000000000000000e+00
-1.261404197842142416e+00 -1.618262555156210869e+00 1.000000000000000000e+00
1.015801868730078050e+00 -3.731551721876680272e-01 -1.000000000000000000e+00
8.906749429068443191e-02 9.613032815445250456e-01 -1.000000000000000000e+00
-5.680630746980978030e-01 8.029244396464958466e-01 -1.000000000000000000e+00
-9.116805223517394641e-01 1.841164954672769083e+00 1.000000000000000000e+00
-3.210454407832497581e-01 -8.327457537289220113e-01 -1.000000000000000000e+00
-2.138388734052796281e+00 3.365460044587872401e-01 1.000000000000000000e+00
7.729808921479813799e-01 5.372264613403033851e-01 -1.000000000000000000e+00
7.094976693350747432e-01 8.318389817336807601e-01 -1.000000000000000000e+00
1.937950626051820890e-01 -1.047588251731537801e+00 -1.000000000000000000e+00
-5.660069572794277359e-01 -7.593618766989026492e-01 -1.000000000000000000e+00
1.752869838379355061e+00 -1.105970332008364698e+00 1.000000000000000000e+00
-9.236667405738070435e-01 -2.698942298968837195e-01 -1.000000000000000000e+00
1.869854417904332378e+00 1.845222487589101845e-01 1.000000000000000000e+00
-1.189159236048727086e+00 1.501650839905779522e+00 1.000000000000000000e+00
-2.254882990769728757e+00 1.666540124444073623e-01 1.000000000000000000e+00
6.693659521650860977e-01 -2.010286402236108216e+00 1.000000000000000000e+00
9.365282825050960103e-01 -1.730874613806691498e+00 1.000000000000000000e+00
-2.122922302511143500e-01 2.072762086236874080e+00 1.000000000000000000e+00
-1.084804308343543661e-01 -1.893217694884688163e+00 1.000000000000000000e+00
3.651638742901221202e-02 8.377823020359644879e-01 -1.000000000000000000e+00
4.216912877377775870e-01 -9.315856752811261243e-01 -1.000000000000000000e+00
5.491106163020798014e-01 1.154749287900101784e+00 -1.000000000000000000e+00
4.879434248943113062e-01 -8.798618364594128494e-01 -1.000000000000000000e+00
1.780710701705320753e+00 1.009022272117955227e-01 1.000000000000000000e+00
1.852333909661474376e+00 4.119344056064976889e-01 1.000000000000000000e+00
5.027864695175240234e-02 -9.175373665326124195e-01 -1.000000000000000000e+00
1.661917071957275394e-01 -1.978321019478352261e+00 1.000000000000000000e+00
1.781186795978661364e+00 4.781655590931136457e-01 1.000000000000000000e+00
1.595923473276675164e+00 1.094550599583895112e+00 1.000000000000000000e+00
8.707897706906576607e-01 -1.821612766850419396e+00 1.000000000000000000e+00
7.828869579165558257e-01 -6.370035880405379158e-01 -1.000000000000000000e+00
-5.782437442353066670e-01 -1.700262006012206895e+00 1.000000000000000000e+00
-1.110545178141144618e+00 6.152046121622466168e-02 -1.000000000000000000e+00
4.102817837545043589e-01 9.087129264003470652e-01 -1.000000000000000000e+00
-1.769767387997243369e-01 -7.374646487228090352e-01 -1.000000000000000000e+00
3.497560165194311121e-01 9.394613135311092877e-01 -1.000000000000000000e+00
6.210424485384127280e-01 8.099776396034487069e-01 -1.000000000000000000e+00
-1.040724733636337218e+00 4.545785295198032649e-01 -1.000000000000000000e+00
2.551464301020562320e-01 -1.871320340051480402e+00 1.000000000000000000e+00
-1.753207690165938804e+00 1.303360874168276506e+00 1.000000000000000000e+00
2.428331104904404292e-01 -1.844780431754315941e+00 1.000000000000000000e+00
-2.141497164368889372e+00 4.240508242491434765e-01 1.000000000000000000e+00
3.217747562503540104e-01 -1.825794064823946794e+00 1.000000000000000000e+00
8.032860042364601272e-01 -9.179100012054799418e-01 -1.000000000000000000e+00
-9.703020844155704205e-01 1.344753595422916448e-01 -1.000000000000000000e+00
8.857363531536296408e-01 6.003917559287984540e-01 -1.000000000000000000e+00
8.553058777275663882e-01 4.020676601247468174e-01 -1.000000000000000000e+00
1.751445432395165147e+00 3.575914451543638073e-01 1.000000000000000000e+00
2.271558886262252386e-01 -2.129301060978578075e+00 1.000000000000000000e+00
9.167032836206754354e-01 1.842826137856177882e+00 1.000000000000000000e+00
-1.999964813109203376e+00 -6.507317965780443636e-01 1.000000000000000000e+00
-1.271364851996350742e+00 1.653428813106509576e+00 1.000000000000000000e+00
1.012935455433068066e+00 -1.952002748054651127e+00 1.000000000000000000e+00
-6.284215859970425644e-01 8.170421527363679326e-01 -1.000000000000000000e+00
3.680195624139948607e-01 1.886128797621390962e+00 1.000000000000000000e+00
9.790378293265279419e-01 -3.135185146218954499e-01 -1.000000000000000000e+00
-4.085001424782682689e-01 2.012478285306130488e+00 1.000000000000000000e+00
-6.297165380028597603e-01 8.019334632521832873e-01 -1.000000000000000000e+00
6.255627926796911709e-01 3.128931529337242168e-01 -1.000000000000000000e+00
4.574202549728569878e-01 -1.873444023167729622e+00 1.000000000000000000e+00
-8.383794106207071994e-01 -4.039308356092707331e-01 -1.000000000000000000e+00
-7.238859353797592044e-01 5.101268905681499710e-01 -1.000000000000000000e+00
5.022532343819093859e-01 -1.859920042220237768e+00 1.000000000000000000e+00
-2.741770884224941640e-01 -9.553456609856267878e-01 -1.000000000000000000e+00
-5.038850759303198368e-01 -8.241078057941575441e-01 -1.000000000000000000e+00
-6.744263483814239013e-01 -1.018966699075431137e+00 -1.000000000000000000e+00
-7.274687927273938426e-01 -8.370784070074485106e-01 -1.000000000000000000e+00
9.912972120187080183e-01 -1.696758533966481242e+00 1.000000000000000000e+00
3.450591270243654196e-01 1.878238801402474012e+00 1.000000000000000000e+00
2.023241650663221591e+00 4.739009444426564577e-01 1.000000000000000000e+00
8.049519544999864662e-01 6.013521674554279661e-01 -1.000000000000000000e+00
-5.662784669782592317e-01 1.998051002787736063e+00 1.000000000000000000e+00
2.002891890063976277e+00 6.430228583025147104e-01 1.000000000000000000e+00
-1.788303537721300573e+00 9.817215153228489588e-02 1.000000000000000000e+00
-2.133422033825866482e+00 1.021744761221818898e+00 1.000000000000000000e+00
1.254809661302134671e+00 1.463116751083523681e+00 1.000000000000000000e+00
7.263169918654431845e-01 -5.691015451544377823e-01 -1.000000000000000000e+00
-3.093411389898838570e-01 7.460438321667909323e-01 -1.000000000000000000e+00
-1.086438854187999903e+00 4.895663834114970525e-01 -1.000000000000000000e+00
-1.621390828613179291e+00 -1.138645422476010749e+00 1.000000000000000000e+00
5.899130989732350727e-01 -7.156417955926389629e-01 -1.000000000000000000e+00
-1.742141089057720693e+00 -6.116341618962524151e-01 1.000000000000000000e+00
-1.376115385299714333e+00 -1.478506890510320471e+00 1.000000000000000000e+00
-8.583049573864039994e-01 -6.078305513842945373e-01 -1.000000000000000000e+00
-1.295206533419567041e+00 1.098228978300810343e+00 1.000000000000000000e+00
4.784340773029360228e-01 8.127733932324759936e-01 -1.000000000000000000e+00
-3.616709475572818522e-01 -8.752649884266583413e-01 -1.000000000000000000e+00
8.654765355924981529e-01 4.584195428004109729e-01 -1.000000000000000000e+00
-1.729493874794905572e+00 8.327175475209661615e-01 1.000000000000000000e+00
-1.948737306833102867e+00 5.862012877756839213e-01 1.000000000000000000e+00
1.932150965901414219e+00 -7.648500628760704356e-02 1.000000000000000000e+00
-1.574764255095492560e+00 4.249714143401264188e-01 1.000000000000000000e+00
-1.782944443671947043e+00 1.419521841425665787e-01 1.000000000000000000e+00
-1.651750738072722102e+00 1.021479581156633065e+00 1.000000000000000000e+00
-9.926467017055903286e-01 1.580911147524151961e+00 1.000000000000000000e+00
6.854264636706443037e-01 2.102669632551601886e+00 1.000000000000000000e+00
-6.179492658707556041e-01 7.501032558679234796e-01 -1.000000000000000000e+00
-1.676655685205892921e+00 -1.692071154374415354e+00 1.000000000000000000e+00
-3.716776362808905110e-01 1.858388572815228068e+00 1.000000000000000000e+00
1.669437929169249157e+00 1.440384444971615663e+00 1.000000000000000000e+00
-1.206127688741817638e-01 9.319825028472372708e-01 -1.000000000000000000e+00
1.349090458226180900e-01 9.108517814611741814e-01 -1.000000000000000000e+00
-3.311328853850361020e-01 -1.004652053970540804e+00 -1.000000000000000000e+00
7.477198692589839268e-01 -4.737101801760297826e-01 -1.000000000000000000e+00
-1.995354265909652369e+00 7.245631359998033760e-02 1.000000000000000000e+00
1.799431831660130765e+00 -1.136486850244444291e+00 1.000000000000000000e+00
-1.033596574250301714e-01 -1.135343165193695603e+00 -1.000000000000000000e+00
-8.561205235031192906e-01 1.927380508972549311e-01 -1.000000000000000000e+00
-1.537578770724965072e+00 -1.571988651188767294e+00 1.000000000000000000e+00
1.866312923518425704e+00 -3.614256419209802007e-02 1.000000000000000000e+00
2.674626933650191551e-01 1.254976974313577243e+00 -1.000000000000000000e+00
8.679086024457053350e-01 -1.580214547962002003e+00 1.000000000000000000e+00
-1.717563443816246260e-01 -1.085103015199184506e+00 -1.000000000000000000e+00
7.589971734459638464e-01 5.759788744709020136e-01 -1.000000000000000000e+00
7.912230449144453948e-01 7.750327019602764045e-01 -1.000000000000000000e+00
6.062105454451189868e-01 -5.082545066407068157e-01 -1.000000000000000000e+00
1.177912664114464603e+00 -2.031996098856425625e-01 -1.000000000000000000e+00
4.845261441680881465e-01 -1.797822035139422958e+00 1.000000000000000000e+00
-6.977909000938982143e-01 8.043997330573927629e-01 -1.000000000000000000e+00
-9.575434900351716960e-01 -1.629937363189716937e+00 1.000000000000000000e+00
-9.054841954181761521e-01 1.622601885508999198e+00 1.000000000000000000e+00
-2.973862607341209996e-01 -1.249685999186092245e+00 -1.000000000000000000e+00
-9.921718132118058087e-01 -2.947661026381626637e-01 -1.000000000000000000e+00
1.150356547117654227e+00 1.665508158220512902e+00 1.000000000000000000e+00
-4.193575200083354271e-01 7.490901294375109654e-01 -1.000000000000000000e+00
-1.735333942124774209e+00 9.258633574669156152e-01 1.000000000000000000e+00
1.547982368535523401e+00 -1.418717898504391561e+00 1.000000000000000000e+00
-5.203052602259939929e-01 -7.759597981606559669e-01 -1.000000000000000000e+00
9.416053468542100457e-01 1.913952197119594523e+00 1.000000000000000000e+00
5.853292617740546433e-01 4.762607315815995945e-01 -1.000000000000000000e+00
-6.264865255551730350e-01 -1.687333185224448640e+00 1.000000000000000000e+00
-7.652751304806777455e-01 -1.904024141474891518e+00 1.000000000000000000e+00
-1.702036331015218895e+00 -8.269334790316746897e-01 1.000000000000000000e+00
2.101499528687733154e+00 -5.527114829045645106e-01 1.000000000000000000e+00
-1.482583816717209846e+00 -1.582263229064601928e+00 1.000000000000000000e+00
9.848473856425619122e-01 -1.831543999494946284e+00 1.000000000000000000e+00
-3.488087792044275437e-01 -7.260372251194225912e-01 -1.000000000000000000e+00
-7.844270072892530754e-01 -3.345417870400047011e-01 -1.000000000000000000e+00
-1.854187407991705561e+00 8.279421377963707140e-01 1.000000000000000000e+00
-1.089108766755278734e-01 2.170986768045822135e+00 1.000000000000000000e+00
-1.256633277458339748e+00 -1.231783445934774956e+00 1.000000000000000000e+00
1.397243523144610977e+00 -1.303255527251254930e+00 1.000000000000000000e+00
-4.205138607431301301e-01 1.809448907604198631e+00 1.000000000000000000e+00
8.234173295366653544e-02 -1.917549677411680920e+00 1.000000000000000000e+00
1.931121920777574275e+00 -1.123956753442109324e+00 1.000000000000000000e+00
9.097037467521441600e-01 9.562702718698287696e-02 -1.000000000000000000e+00
-1.396805147986291074e+00 -1.823378863444257147e+00 1.000000000000000000e+00
8.742744485606779303e-01 -5.913973683031491513e-01 -1.000000000000000000e+00
-1.925892119584384332e+00 5.192641376585210855e-01 1.000000000000000000e+00
-1.894580108715222533e+00 1.086605547970525221e+00 1.000000000000000000e+00
-2.744571979270072348e-01 8.005591792420535535e-01 -1.000000000000000000e+00
6.670672400163982774e-01 8.418802828016886952e-01 -1.000000000000000000e+00
-7.501026062311523523e-02 -1.039848527222913210e+00 -1.000000000000000000e+00
1.332639084716285671e+00 -1.506431293008959393e+00 1.000000000000000000e+00
3.411920433917781659e-01 -1.033472167910293837e+00 -1.000000000000000000e+00
-3.622393089313127312e-01 8.935710664288663008e-01 -1.000000000000000000e+00
-8.109109206698658645e-02 8.061340282911005906e-01 -1.000000000000000000e+00
7.200197981416219806e-01 8.677211225440940590e-01 -1.000000000000000000e+00
8.418122779578818271e-01 -5.707629648145385870e-01 -1.000000000000000000e+00
1.233949957094112815e+00 -8.239087713633347354e-02 -1.000000000000000000e+00
1.276683227672193111e+00 -1.562398397624870983e+00 1.000000000000000000e+00
-1.912038835420569738e+00 4.090996836350226790e-02 1.000000000000000000e+00
-1.752464968347689500e-01 9.052484107140643665e-01 -1.000000000000000000e+00
5.271283194052284182e-01 1.861274251537477831e+00 1.000000000000000000e+00
7.800279734220852967e-01 7.078092535452679135e-01 -1.000000000000000000e+00
-6.081386764672793710e-01 -6.565658818408813824e-01 -1.000000000000000000e+00
-1.872666539727501522e+00 -8.719979658771223052e-01 1.000000000000000000e+00
1.024305534658353611e+00 1.546615023469011474e+00 1.000000000000000000e+00
