1.2683,1.1287,1.2233,1.0000
0.9548,0.8211,1.2527,1.0000
0.4732,0.9055,1.2686,1.0000
0.9915,1.0486,1.1550,1.0000
0.9097,1.2360,1.0924,1.0000
0.8795,1.0351,1.1501,1.0000
1.0223,1.0428,1.0942,1.0000
0.9996,0.9836,0.9663,1.0000
1.2046,0.9011,0.9288,1.0000
1.1822,0.7185,0.8008,1.0000
1.0944,1.1087,0.8578,1.0000
1.1487,1.1043,1.1128,1.0000
0.9406,0.6636,0.8549,1.0000
0.8426,0.7256,0.5932,1.0000
0.8622,0.7129,1.3796,1.0000
0.8127,0.4491,1.2071,1.0000
1.1124,1.4260,1.0275,1.0000
0.9171,0.9944,0.8963,1.0000
1.1651,0.5861,1.0661,1.0000
1.1281,0.9845,0.9162,1.0000
0.9704,1.3441,0.8438,1.0000
0.8266,0.8830,0.7221,1.0000
1.4240,1.1903,1.2774,1.0000
1.2068,1.0026,1.0735,1.0000
0.9875,1.3766,0.8644,1.0000
1.3833,0.9838,0.6185,1.0000
1.2022,1.1786,1.0420,1.0000
0.8385,0.9631,0.7260,1.0000
0.6721,1.2079,1.0957,1.0000
0.9652,0.8564,1.0703,1.0000
0.9633,1.2292,1.2285,1.0000
0.9161,0.7659,1.2123,1.0000
0.8890,1.0786,0.9866,1.0000
1.4362,0.7659,1.0751,1.0000
0.9209,1.3217,0.9446,1.0000
1.1274,0.5292,1.0241,1.0000
1.1383,1.3684,1.0403,1.0000
1.1913,0.7042,1.0525,1.0000
1.3277,0.8189,1.2606,1.0000
0.8575,1.0287,1.0819,1.0000
0.8239,0.9252,1.2076,1.0000
0.9710,1.0449,0.8011,1.0000
1.1967,0.9116,1.0414,1.0000
0.8523,0.9968,1.1112,1.0000
1.0123,1.1973,1.3465,1.0000
0.8769,0.9807,1.0058,1.0000
1.0023,0.8269,0.7732,1.0000
0.6017,0.9912,1.2724,1.0000
1.0257,0.6788,0.8970,1.0000
1.3523,1.2290,0.9680,1.0000
0.9500,0.9322,0.5962,1.0000
0.9432,0.8401,1.1222,1.0000
0.9736,1.1744,1.5866,1.0000
0.9201,1.0066,0.8910,1.0000
0.7116,1.0732,1.0348,1.0000
0.8517,1.0070,0.9788,1.0000
1.1782,0.9768,1.0760,1.0000
0.8258,0.9369,1.1424,1.0000
1.1448,1.2447,1.0237,1.0000
1.1313,1.0982,0.9882,1.0000
0.8064,0.9723,1.1864,1.0000
1.0726,1.2002,1.1583,1.0000
1.0324,1.1160,0.6738,1.0000
1.0567,0.6948,0.8959,1.0000
1.1656,1.2324,1.0734,1.0000
1.1837,1.1954,0.6088,1.0000
1.1635,0.9251,1.0922,1.0000
1.0141,0.8666,0.9454,1.0000
0.7965,0.9532,1.1678,1.0000
1.2322,1.0948,1.0991,1.0000
1.1496,1.3359,1.0979,1.0000
1.1565,0.9789,1.0328,1.0000
1.1784,1.0096,1.1416,1.0000
0.6770,1.1078,1.1075,1.0000
1.0983,0.9915,0.7841,1.0000
0.7722,0.6853,1.6664,1.0000
0.9942,0.9345,1.2311,1.0000
1.2624,0.9959,0.9107,1.0000
0.7687,1.0132,1.0659,1.0000
1.1950,1.2947,1.2099,1.0000
1.2172,1.2543,1.1419,1.0000
1.1346,0.6972,1.1672,1.0000
0.7117,0.9733,0.8255,1.0000
1.0512,1.0992,0.4952,1.0000
0.8468,1.2677,0.7884,1.0000
1.0373,0.8382,1.4887,1.0000
1.2280,1.2776,0.7874,1.0000
0.9447,0.8295,1.0521,1.0000
0.7434,1.0011,0.9419,1.0000
1.1279,1.2058,1.3173,1.0000
0.8759,1.2431,0.8747,1.0000
1.0033,1.0756,0.9502,1.0000
0.9822,1.1326,0.8327,1.0000
0.8230,0.8059,1.1449,1.0000
0.9409,1.0813,1.0158,1.0000
1.2324,1.2680,1.0200,1.0000
0.7402,1.0301,0.7123,1.0000
1.3106,0.7582,0.9927,1.0000
0.8692,1.3390,0.6592,1.0000
0.9160,1.3667,0.8919,1.0000
1.2185,1.1011,0.8522,1.0000
1.0013,0.7624,1.2500,1.0000
0.4863,0.8629,1.1921,1.0000
1.0707,1.1512,0.8238,1.0000
1.1034,0.6790,0.8042,1.0000
1.1630,1.0295,1.2626,1.0000
1.1484,1.0841,0.6949,1.0000
1.1686,0.9624,1.2941,1.0000
1.0866,1.1217,0.8400,1.0000
1.3312,0.8262,1.2124,1.0000
1.0495,1.5247,1.0165,1.0000
0.8193,1.2445,1.3832,1.0000
1.0435,1.4046,1.2145,1.0000
1.2419,0.7385,0.8821,1.0000
1.1549,1.0211,1.4199,1.0000
1.0183,1.2398,1.1052,1.0000
0.9135,1.0072,1.0397,1.0000
1.0936,0.9397,1.0846,1.0000
0.7922,1.2180,1.0155,1.0000
1.3062,0.7426,0.7713,1.0000
1.4167,0.6088,0.9493,1.0000
0.8707,1.0377,1.0828,1.0000
0.9485,1.2795,1.2678,1.0000
1.1450,1.1908,1.2405,1.0000
1.0821,1.2593,1.0051,1.0000
0.5824,1.0458,0.9429,1.0000
0.6442,0.6506,1.1787,1.0000
1.0410,1.0688,0.6640,1.0000
0.9611,1.2884,1.0062,1.0000
1.0489,1.0592,1.2044,1.0000
1.0830,0.8340,1.0239,1.0000
1.2473,1.0812,0.7964,1.0000
0.8362,0.7777,1.2327,1.0000
1.4022,0.9428,0.9132,1.0000
0.8144,0.7497,0.6920,1.0000
1.3953,1.2431,0.9928,1.0000
0.9684,0.9650,0.9619,1.0000
0.8643,0.8732,1.0050,1.0000
1.0682,1.1903,0.8613,1.0000
1.1154,0.7727,1.1318,1.0000
0.9234,0.7427,1.0190,1.0000
1.1241,0.9715,1.1944,1.0000
0.9763,1.0823,1.1426,1.0000
1.0586,0.6310,1.1723,1.0000
0.9133,1.1065,0.8718,1.0000
1.1053,1.0581,0.6368,1.0000
1.0453,0.9016,0.7589,1.0000
0.8454,0.9036,0.9049,1.0000
1.1297,1.0415,0.7556,1.0000
0.9229,1.0182,1.0305,1.0000
1.1912,1.0299,0.9024,1.0000
0.9552,1.0128,1.1653,1.0000
0.8530,0.7060,0.8441,1.0000
0.9205,1.3680,1.3641,1.0000
1.3595,0.9819,0.9632,1.0000
1.3397,1.1090,1.2643,1.0000
1.1111,0.8832,0.9793,1.0000
1.1296,1.0216,0.9502,1.0000
0.9912,0.8550,0.6746,1.0000
0.9078,0.9166,1.0369,1.0000
1.1942,1.1003,1.0565,1.0000
1.1124,1.3906,0.9431,1.0000
1.1534,1.1857,0.9339,1.0000
0.8286,0.9067,0.9617,1.0000
1.1659,1.2889,1.0093,1.0000
0.7294,0.6984,1.1214,1.0000
0.9286,0.7351,1.0108,1.0000
0.7622,0.9810,1.2705,1.0000
1.4822,1.0658,0.7695,1.0000
1.1127,1.0764,0.7637,1.0000
1.3685,1.0795,0.9727,1.0000
0.7654,0.8275,1.0005,1.0000
1.3249,0.8139,1.3248,1.0000
0.6392,1.2127,0.8526,1.0000
0.9117,1.0509,1.0205,1.0000
1.5692,1.2448,1.0130,1.0000
0.7961,1.0238,0.8686,1.0000
0.7001,0.8102,1.0140,1.0000
0.8545,0.7875,0.8103,1.0000
0.9407,0.6528,0.8484,1.0000
1.0260,0.8200,1.0109,1.0000
1.0295,0.7895,1.1883,1.0000
1.0693,1.1875,1.1982,1.0000
0.7877,1.2934,1.0268,1.0000
1.3118,0.8620,1.3202,1.0000
1.0287,1.0956,0.9577,1.0000
1.0955,1.1394,1.0742,1.0000
0.7225,1.0933,1.2310,1.0000
1.2061,0.9326,1.1753,1.0000
1.1792,0.8618,1.2525,1.0000
0.7064,0.8628,1.0060,1.0000
1.0702,0.9426,1.3032,1.0000
0.8973,0.9764,0.5982,1.0000
1.2330,1.1350,0.9777,1.0000
0.7026,0.9814,0.9478,1.0000
0.9018,1.0593,0.9838,1.0000
0.9333,1.0162,0.8744,1.0000
0.8909,0.6799,0.8440,1.0000
0.6727,0.9990,0.7772,1.0000
0.9809,0.9138,1.0471,1.0000
1.2425,1.0893,0.8960,1.0000
0.8536,0.9750,1.0907,1.0000
1.2346,0.9155,1.2826,1.0000
0.9339,1.0825,0.9727,1.0000
1.1200,1.0569,1.1726,1.0000
1.1393,1.3186,1.2100,1.0000
0.5659,1.1204,0.6987,1.0000
0.9982,0.8032,1.0750,1.0000
1.0798,0.6979,0.9439,1.0000
1.2489,0.9833,1.3878,1.0000
1.2075,1.1425,0.9471,1.0000
1.0765,0.8255,1.0824,1.0000
0.9466,0.9719,1.0185,1.0000
1.0854,1.3033,1.2890,1.0000
1.0602,0.7788,1.2628,1.0000
1.0253,0.6892,0.8575,1.0000
0.8380,1.1864,1.0631,1.0000
0.9757,0.6626,1.2899,1.0000
0.5509,0.5954,0.7951,1.0000
0.9254,0.9459,0.7379,1.0000
1.1712,0.7645,0.7648,1.0000
0.6580,0.9287,1.1146,1.0000
0.6094,1.2906,0.7736,1.0000
0.9683,0.6192,1.3446,1.0000
1.1624,1.0672,1.1168,1.0000
0.6622,1.1307,1.4222,1.0000
0.9718,1.3894,0.7634,1.0000
0.8865,1.2254,0.9094,1.0000
0.9835,1.2116,1.1014,1.0000
1.0185,0.9483,1.3703,1.0000
0.9795,1.1609,0.9167,1.0000
1.3417,1.2116,0.9008,1.0000
1.5238,0.7584,1.1612,1.0000
1.0733,1.0519,0.9995,1.0000
0.8269,0.7520,0.9707,1.0000
0.8694,1.0220,0.8186,1.0000
0.8610,1.3257,0.8898,1.0000
1.2339,1.1846,1.1087,1.0000
0.9425,0.7190,0.9434,1.0000
1.2249,1.0833,1.0574,1.0000
0.7029,0.9350,1.2271,1.0000
1.1176,1.0566,1.1997,1.0000
0.6904,0.7015,0.8625,1.0000
1.1398,1.2242,1.0848,1.0000
0.9717,0.8700,0.8540,1.0000
0.8998,1.3713,0.9978,1.0000
1.0498,1.0456,1.0036,1.0000
1.0252,1.1054,1.0031,1.0000
1.1549,0.8110,1.2352,1.0000
1.0452,1.1054,0.9454,1.0000
0.7651,1.0335,1.3354,1.0000
1.3724,0.7784,0.8611,1.0000
0.5393,1.0173,1.3920,1.0000
0.6751,0.9353,0.9659,1.0000
1.0344,0.7039,1.0403,1.0000
1.1185,0.6712,0.8849,1.0000
0.9933,1.0916,0.8180,1.0000
0.7911,0.8474,1.1053,1.0000
0.8674,0.8912,0.6385,1.0000
0.9634,0.8859,1.0430,1.0000
0.9790,1.2209,0.9976,1.0000
1.3513,0.9990,0.6631,1.0000
1.0216,0.8512,1.1609,1.0000
0.9450,1.1422,0.9530,1.0000
0.9529,1.0796,1.1455,1.0000
1.2219,0.8405,0.8485,1.0000
1.0179,1.3437,1.0713,1.0000
0.7276,0.9475,0.8556,1.0000
1.2060,0.4460,0.6114,1.0000
0.9706,0.5649,0.8174,1.0000
1.0047,1.1782,0.8286,1.0000
0.9540,1.4388,1.5002,1.0000
1.2990,0.6852,0.7896,1.0000
0.7691,1.0517,1.0456,1.0000
0.9898,0.9231,1.1575,1.0000
0.6291,1.0898,0.7856,1.0000
0.7122,1.0198,1.1738,1.0000
0.6079,1.4743,0.8102,1.0000
0.6922,1.0348,0.9957,1.0000
1.1039,1.3156,0.8200,1.0000
0.9971,0.9313,0.9964,1.0000
0.7890,0.9544,0.9075,1.0000
0.8298,0.9660,0.9314,1.0000
0.7874,1.0951,1.0254,1.0000
1.3877,1.0211,0.7201,1.0000
0.9585,1.3289,1.0262,1.0000
1.0894,0.9725,1.0393,1.0000
0.7263,1.2262,1.2993,1.0000
0.8651,1.0173,1.0950,1.0000
1.4302,1.0034,1.3216,1.0000
1.2673,0.9073,0.7328,1.0000
0.9480,1.1329,1.0235,1.0000
1.1405,1.1242,0.9851,1.0000
0.8832,1.0799,1.1765,1.0000
1.0905,0.7357,0.8868,1.0000
0.9401,0.6946,1.0375,1.0000
0.5897,1.0331,0.9247,1.0000
0.7933,1.2342,0.8377,1.0000
1.0675,0.9177,1.2524,1.0000
1.2063,1.0059,1.0355,1.0000
1.3480,0.9841,0.8511,1.0000
0.7525,0.8091,0.8189,1.0000
0.8955,0.8770,0.8816,1.0000
0.9710,1.2748,0.6984,1.0000
0.9960,1.1865,0.9169,1.0000
0.9707,1.4759,1.0245,1.0000
0.7868,0.9239,0.9406,1.0000
0.9682,0.8730,1.2690,1.0000
1.0317,0.7856,1.0548,1.0000
1.1087,0.8267,1.1034,1.0000
1.2186,1.0444,0.8813,1.0000
0.9924,1.4680,0.8828,1.0000
1.0055,0.8535,0.9689,1.0000
1.0782,1.1114,0.8055,1.0000
1.0387,0.7271,0.8942,1.0000
0.8766,1.0005,1.1553,1.0000
1.2581,0.8320,0.9033,1.0000
1.2941,0.7928,0.7256,1.0000
1.1869,0.5905,0.8089,1.0000
0.6751,0.8250,1.0252,1.0000
1.2169,1.3233,1.0689,1.0000
0.8171,1.1271,0.8747,1.0000
0.5646,0.7277,1.0091,1.0000
1.0447,0.9868,1.0702,1.0000
1.0128,0.9065,1.0745,1.0000
0.8779,0.7524,0.7372,1.0000
0.7763,1.0387,1.2960,1.0000
0.5480,0.6992,1.0046,1.0000
0.9533,1.2346,0.8754,1.0000
0.7763,0.8328,1.0203,1.0000
0.5684,0.8193,0.7626,1.0000
1.3304,1.0649,1.1141,1.0000
0.9618,0.8135,0.8673,1.0000
0.8934,0.9593,1.0487,1.0000
1.1836,1.0747,1.5180,1.0000
0.9953,1.1089,0.6261,1.0000
0.9450,1.1645,1.1256,1.0000
1.1249,0.8466,1.1712,1.0000
1.5182,0.7646,0.6655,1.0000
0.7118,0.9383,0.8220,1.0000
0.8767,0.9323,0.8470,1.0000
0.7607,0.9680,0.9125,1.0000
1.2809,1.1870,1.0026,1.0000
1.1239,0.9116,1.0161,1.0000
1.2357,0.9047,0.6835,1.0000
1.2087,0.5402,0.9853,1.0000
1.1962,1.4472,0.8328,1.0000
1.1193,0.8258,0.9285,1.0000
1.2366,0.7326,0.9040,1.0000
1.1168,1.4526,0.9895,1.0000
0.9033,1.0517,1.1750,1.0000
0.3576,0.8335,0.8586,1.0000
1.0083,1.3104,1.1627,1.0000
1.0723,0.7170,0.8778,1.0000
1.0747,0.9432,0.7584,1.0000
1.1362,1.0899,0.9851,1.0000
1.2411,1.0162,0.9508,1.0000
1.0096,1.3289,0.9903,1.0000
0.7036,0.7882,1.2170,1.0000
0.9409,1.2523,0.8615,1.0000
1.1098,0.8619,0.7396,1.0000
1.0918,0.8417,0.9479,1.0000
0.5525,0.9390,1.1078,1.0000
1.0964,1.0264,1.0040,1.0000
1.1813,0.6666,0.9491,1.0000
1.0305,0.5864,0.5264,1.0000
0.5712,0.7235,1.0563,1.0000
0.8530,0.9818,1.2510,1.0000
1.4658,1.0205,0.9337,1.0000
0.8239,0.9499,0.9516,1.0000
0.8731,1.1825,1.4457,1.0000
1.1428,1.3050,1.2724,1.0000
0.4434,0.6090,1.3440,1.0000
0.8671,0.8678,1.1958,1.0000
1.2656,0.9412,1.0533,1.0000
1.2562,1.2095,0.9048,1.0000
0.9313,1.2061,0.8133,1.0000
0.9357,0.9678,0.9898,1.0000
0.8472,1.0276,1.0455,1.0000
1.2135,1.0957,0.8829,1.0000
1.2931,1.2951,0.8184,1.0000
1.2320,0.9810,1.0326,1.0000
1.0433,1.0053,1.4288,1.0000
1.3529,0.7957,0.9814,1.0000
1.0073,0.9577,1.1376,1.0000
1.2244,0.6545,1.0008,1.0000
1.0145,1.0126,1.2885,1.0000
0.9317,1.1532,1.2641,1.0000
1.0349,0.8602,0.9296,1.0000
0.7500,1.0224,0.6930,1.0000
1.2324,0.7097,0.9443,1.0000
0.9184,0.6559,0.6328,1.0000
1.2693,1.0445,0.6587,1.0000
1.3176,1.1483,1.0548,1.0000
1.0067,1.1212,0.9808,1.0000
1.1355,1.2496,1.1493,1.0000
0.9837,0.8651,0.8165,1.0000
0.5990,1.0609,1.1023,1.0000
0.8273,1.0394,0.8676,1.0000
1.2207,1.1449,0.8757,1.0000
1.1681,0.9593,1.2270,1.0000
0.9502,0.7959,0.9979,1.0000
1.2319,0.6942,0.9437,1.0000
1.3437,1.0507,0.8881,1.0000
1.0681,1.1641,1.1097,1.0000
1.2084,1.1565,1.3533,1.0000
0.9124,0.9724,0.4631,1.0000
0.9558,1.0226,0.8781,1.0000
1.0495,0.7858,1.0453,1.0000
1.0813,0.8214,1.1199,1.0000
1.1084,0.8956,1.0626,1.0000
1.0914,1.0760,0.7811,1.0000
0.8479,1.1851,0.8000,1.0000
1.1641,0.9003,0.9728,1.0000
1.0286,0.9585,0.7804,1.0000
0.9463,0.9473,1.1519,1.0000
0.7943,0.9863,0.7842,1.0000
0.6657,0.6971,0.8381,1.0000
1.2397,0.8658,1.1358,1.0000
1.2810,0.8304,1.0524,1.0000
0.8647,0.8098,0.8490,1.0000
1.0583,1.0675,1.2141,1.0000
0.8681,1.2250,1.2069,1.0000
0.7836,1.1418,1.0906,1.0000
1.0859,1.0505,1.0262,1.0000
1.2845,0.9560,1.0804,1.0000
0.6196,1.0991,0.9038,1.0000
0.9577,0.7992,1.2890,1.0000
1.3144,0.7712,0.7690,1.0000
0.7554,0.9330,0.7391,1.0000
0.6442,0.6767,0.7928,1.0000
1.3040,0.8268,0.7698,1.0000
1.1228,0.9670,0.8612,1.0000
1.0171,0.7702,1.1871,1.0000
1.1403,1.2088,0.6805,1.0000
1.3358,1.0831,1.1807,1.0000
1.0140,1.0240,0.9057,1.0000
0.9463,0.7726,1.0009,1.0000
0.9980,0.4714,1.0732,1.0000
0.8307,0.9997,1.1985,1.0000
0.9858,1.2365,0.7922,1.0000
0.9626,1.0984,1.0141,1.0000
0.5907,1.0517,0.9962,1.0000
0.7676,1.0123,1.1429,1.0000
1.2071,0.7284,1.0221,1.0000
0.5238,0.6328,1.0417,1.0000
1.1033,1.1625,1.0498,1.0000
1.0343,1.0245,0.8168,1.0000
0.9604,1.1812,0.9214,1.0000
1.3388,1.0968,1.0307,1.0000
1.4525,1.5026,0.7791,1.0000
1.1844,1.0509,0.9056,1.0000
1.0205,0.8873,0.8332,1.0000
0.9735,1.1467,1.2583,1.0000
0.9396,0.9346,0.8258,1.0000
1.0219,1.1162,1.1766,1.0000
1.0307,0.7177,1.2492,1.0000
0.7849,1.1291,0.8377,1.0000
1.0362,1.0354,1.0493,1.0000
0.7813,1.3621,0.8201,1.0000
1.0680,1.1681,1.0690,1.0000
0.8007,0.7345,0.9447,1.0000
0.9183,1.2221,1.0196,1.0000
0.7523,1.1122,0.9798,1.0000
0.8579,1.0147,0.8556,1.0000
1.2893,0.7230,1.4534,1.0000
0.9279,1.1340,1.2512,1.0000
1.0553,0.8761,1.0642,1.0000
1.3536,0.7179,1.0538,1.0000
1.2087,1.3434,0.8812,1.0000
0.5330,0.7215,1.0069,1.0000
1.3841,1.1520,0.9886,1.0000
1.1186,1.5227,0.8527,1.0000
0.6204,0.9902,1.0160,1.0000
1.2503,1.1059,0.8909,1.0000
1.0651,1.0511,1.1825,1.0000
1.0520,1.2074,0.6558,1.0000
0.6916,1.0194,0.8808,1.0000
0.6304,1.3514,0.9122,1.0000
1.1670,0.8259,0.9459,1.0000
1.0082,1.2648,1.1553,1.0000
0.6837,0.7687,0.9125,1.0000
0.9037,0.6641,1.1367,1.0000
1.2228,0.8389,1.1197,1.0000
1.2779,0.8541,1.0279,1.0000
0.9046,1.0688,1.4987,1.0000
1.0498,1.0383,0.9629,1.0000
0.8950,0.9187,0.7054,1.0000
1.2178,0.8302,1.1398,1.0000
1.2683,0.8434,0.4954,1.0000
1.1966,0.9485,1.2826,1.0000
1.0623,0.8689,0.8610,1.0000
0.7432,1.1270,1.0185,1.0000
0.8723,1.0992,0.9932,1.0000
1.0114,1.2536,1.1320,1.0000
0.9660,0.9722,0.8306,1.0000
1.1084,1.0749,0.5817,1.0000
1.1634,1.0641,0.8907,1.0000
1.2022,1.3478,0.9035,1.0000
0.9787,0.9595,1.0939,1.0000
1.0632,0.9138,1.1320,1.0000
1.1775,0.8597,0.7677,1.0000
1.0391,1.1921,0.5177,1.0000
0.8449,1.3217,1.3472,1.0000
1.0384,1.0024,1.2471,1.0000
1.2493,1.4068,0.7248,1.0000
1.1835,1.2523,1.1832,1.0000
0.8669,0.9005,1.3869,1.0000
0.8292,0.7543,1.2228,1.0000
1.0837,0.8087,0.8100,1.0000
1.2482,0.8543,0.8195,1.0000
0.8830,1.1363,1.0035,1.0000
1.0264,0.8277,1.1128,1.0000
0.9707,0.7416,1.2342,1.0000
0.8372,1.1027,1.1024,1.0000
0.8717,0.6480,0.9024,1.0000
1.3532,0.9113,1.0167,1.0000
0.9758,1.2166,1.4111,1.0000
1.2425,0.6384,1.0973,1.0000
0.8575,0.9371,1.2098,1.0000
1.1083,1.1202,0.8571,1.0000
1.3177,0.9860,1.0981,1.0000
0.7409,0.7174,1.0045,1.0000
1.2824,0.6206,1.0395,1.0000
0.9995,0.7110,0.9919,1.0000
1.1823,0.8032,0.9897,1.0000
1.2210,1.1084,0.9054,1.0000
0.7076,0.8975,0.9062,1.0000
1.3486,0.7872,0.9129,1.0000
0.8263,0.8089,0.7677,1.0000
1.2663,1.1961,0.9743,1.0000
0.6970,0.8189,1.0153,1.0000
1.1195,0.9854,1.2041,1.0000
1.1912,1.1093,1.2752,1.0000
0.8395,1.0651,1.0400,1.0000
1.0011,1.0970,1.0469,1.0000
0.8694,1.0171,1.0627,1.0000
0.7512,1.0703,1.0839,1.0000
1.0823,0.9461,0.8932,1.0000
0.7260,0.9431,1.0819,1.0000
1.1948,1.1735,0.9023,1.0000
0.9886,1.0027,1.0392,1.0000
0.9569,0.7904,0.9848,1.0000
0.7819,0.8999,0.9948,1.0000
1.0700,0.8751,0.6660,1.0000
1.0145,1.1085,0.7895,1.0000
0.9381,1.0110,0.6593,1.0000
1.1196,1.2060,0.9427,1.0000
1.3708,1.0340,0.8410,1.0000
0.7890,0.7115,1.2486,1.0000
0.8453,0.9855,1.3348,1.0000
1.0573,0.9377,0.7114,1.0000
0.8725,0.8805,1.0884,1.0000
1.1162,0.9035,0.6872,1.0000
1.0458,0.8365,1.0350,1.0000
1.1703,1.1807,0.8577,1.0000
0.7395,0.7911,1.0741,1.0000
1.0015,0.7523,0.9305,1.0000
1.3052,0.8236,1.1550,1.0000
0.7659,0.8732,0.7493,1.0000
1.0007,1.1106,1.0997,1.0000
1.3792,0.5877,1.0056,1.0000
0.7324,0.9882,1.0693,1.0000
0.7746,0.8463,1.2950,1.0000
0.9874,0.8018,0.9938,1.0000
1.0916,0.7885,0.5383,1.0000
0.9629,0.6760,0.5692,1.0000
1.1009,0.9656,1.0579,1.0000
0.9326,0.7994,1.0630,1.0000
0.7269,0.6521,0.8611,1.0000
0.9851,1.0247,1.0901,1.0000
1.0743,0.8785,1.3020,1.0000
0.8434,0.6077,1.1485,1.0000
0.7001,0.8666,1.1185,1.0000
1.1140,1.4398,1.0762,1.0000
1.1018,0.9047,1.1130,1.0000
0.7172,0.4481,1.2387,1.0000
1.3255,1.0183,1.2174,1.0000
0.4341,1.0588,0.7403,1.0000
1.0921,0.7825,1.0468,1.0000
1.3106,1.2286,1.1308,1.0000
1.2868,0.9454,1.0092,1.0000
1.4154,0.9204,0.9858,1.0000
0.6421,0.9580,1.1789,1.0000
0.9536,1.0165,0.7959,1.0000
1.1739,0.9527,1.0608,1.0000
0.7502,1.0892,1.1888,1.0000
1.2512,0.7631,1.1666,1.0000
0.8684,0.9409,0.9847,1.0000
0.7220,0.8356,0.8995,1.0000
0.6463,0.9143,1.0770,1.0000
0.9323,1.1793,1.1059,1.0000
0.8016,1.0046,1.0514,1.0000
0.8649,0.7569,1.0487,1.0000
0.8104,0.7560,0.9074,1.0000
1.0740,1.2964,1.1104,1.0000
1.2237,1.0448,0.7515,1.0000
1.1181,1.4084,1.2831,1.0000
0.9539,0.9639,0.9375,1.0000
0.9110,1.2653,0.8839,1.0000
0.8310,0.8943,1.0074,1.0000
0.8002,1.1747,0.9084,1.0000
1.0394,0.9924,1.0351,1.0000
0.9025,0.7999,1.1685,1.0000
1.2472,0.8719,1.1774,1.0000
1.1291,1.3892,1.0825,1.0000
1.2103,0.5172,0.6174,1.0000
1.1526,1.0868,0.6846,1.0000
1.4137,0.8024,0.9781,1.0000
1.0850,1.0998,0.7962,1.0000
0.9869,0.7268,1.0905,1.0000
1.1034,1.1845,1.0656,1.0000
1.2831,1.0398,1.3708,1.0000
1.0449,1.1974,0.6996,1.0000
1.3153,1.2026,0.4791,1.0000
1.0039,0.5530,1.1883,1.0000
1.2552,0.9803,1.1565,1.0000
1.4144,1.0221,1.2497,1.0000
1.3219,1.1330,0.7673,1.0000
0.8245,0.8765,1.1367,1.0000
1.0082,1.1855,1.0201,1.0000
0.7635,0.9303,1.3789,1.0000
1.0339,0.8769,0.9973,1.0000
1.1257,0.7387,1.0679,1.0000
0.9984,0.9033,1.0358,1.0000
0.5581,1.0964,1.0766,1.0000
1.0111,1.1275,0.9184,1.0000
0.9651,0.9874,0.9582,1.0000
0.9520,1.0086,1.0027,1.0000
1.1375,1.1632,0.8494,1.0000
0.7083,1.1388,1.3104,1.0000
0.8185,1.0219,1.1302,1.0000
1.2972,1.2966,1.2498,1.0000
0.9801,0.7658,1.0547,1.0000
1.1605,1.1891,0.8184,1.0000
1.0007,1.3520,0.9291,1.0000
1.0840,1.1078,0.5303,1.0000
1.3172,1.4043,1.1024,1.0000
0.9996,1.0833,1.0551,1.0000
1.2278,1.2119,1.1971,1.0000
0.8397,0.5441,0.9798,1.0000
0.6473,0.9911,0.8356,1.0000
0.9726,1.1404,0.9227,1.0000
0.9259,0.7127,0.9466,1.0000
1.1875,0.8478,1.2238,1.0000
1.3035,0.8937,1.1577,1.0000
0.8540,1.1770,1.0183,1.0000
0.9633,0.5675,1.5063,1.0000
0.7785,1.0650,1.0138,1.0000
0.7283,1.0402,1.0098,1.0000
1.2165,1.0034,1.1870,1.0000
1.0165,0.9725,0.6323,1.0000
1.4709,1.0371,0.7982,1.0000
0.7618,0.8865,1.2782,1.0000
1.1392,1.3369,1.4871,1.0000
1.2120,0.7937,1.3653,1.0000
0.8379,0.9377,0.9578,1.0000
0.8887,0.5272,0.8992,1.0000
0.8207,1.0585,0.7405,1.0000
0.9292,1.2333,1.2045,1.0000
1.0409,1.0130,0.9287,1.0000
0.9862,1.1872,1.1055,1.0000
0.7761,1.0610,1.3835,1.0000
1.2572,0.9722,1.0804,1.0000
0.9983,0.8006,0.9978,1.0000
0.9011,1.0780,0.9760,1.0000
1.2279,0.9425,0.9965,1.0000
1.1106,0.9612,0.8615,1.0000
1.7518,1.0454,0.7697,1.0000
0.9282,1.1396,1.1883,1.0000
1.0820,0.9335,1.0662,1.0000
0.8235,0.8183,0.9744,1.0000
0.9897,1.2745,0.9726,1.0000
0.8832,0.8591,0.8805,1.0000
0.8723,1.1231,0.8941,1.0000
1.2397,1.5131,0.9264,1.0000
1.0027,1.1847,0.8770,1.0000
1.3130,0.8563,1.3775,1.0000
0.9330,0.9225,1.2017,1.0000
1.0683,0.9948,0.9613,1.0000
1.5619,1.2685,0.8575,1.0000
0.7978,1.3383,1.1224,1.0000
0.8579,0.9682,1.1890,1.0000
1.0317,1.0271,0.9936,1.0000
0.9362,1.0688,0.6612,1.0000
0.8977,0.8041,1.0981,1.0000
0.9630,1.2091,0.9728,1.0000
0.8499,0.8491,0.9404,1.0000
0.6178,1.1816,0.7661,1.0000
0.9147,1.2097,1.2063,1.0000
1.2555,1.2268,0.9378,1.0000
1.0688,0.7440,1.2276,1.0000
0.7487,0.8357,0.8858,1.0000
0.5408,0.6191,1.0819,1.0000
1.1578,0.8332,0.8691,1.0000
0.8905,0.8247,0.9531,1.0000
1.0922,0.9700,0.9285,1.0000
0.6951,1.0327,0.9504,1.0000
0.7575,0.6765,1.0659,1.0000
0.9237,1.3635,0.9776,1.0000
0.5797,0.8640,0.9902,1.0000
1.2571,1.2196,1.1024,1.0000
1.1106,0.8944,0.6395,1.0000
1.0081,0.8407,0.9728,1.0000
0.8089,1.0378,1.0382,1.0000
1.2121,0.9461,1.0406,1.0000
0.6487,1.2114,1.4961,1.0000
1.0669,1.0125,1.0328,1.0000
1.0524,1.2251,0.8978,1.0000
0.9076,0.9054,0.7464,1.0000
1.2343,1.0695,0.9802,1.0000
1.0285,0.9700,1.0373,1.0000
1.1271,0.7940,0.6872,1.0000
0.8276,1.0295,0.8304,1.0000
1.1054,0.7960,0.8041,1.0000
1.4062,1.0023,0.6987,1.0000
0.8865,1.0277,0.9193,1.0000
1.3257,1.0528,0.9867,1.0000
1.0091,0.9319,1.0887,1.0000
1.0733,1.2656,0.9117,1.0000
0.9631,0.8097,1.1612,1.0000
0.8465,1.2711,0.8098,1.0000
0.9810,0.8724,0.8941,1.0000
1.4918,1.1381,1.0622,1.0000
1.2121,0.9898,1.0510,1.0000
0.8993,0.6232,1.2338,1.0000
0.9627,0.8987,1.1231,1.0000
1.0385,0.6614,0.8054,1.0000
0.9123,1.1850,1.2846,1.0000
0.8793,0.8004,0.9004,1.0000
0.8931,0.8276,1.0758,1.0000
0.9791,0.8349,0.9206,1.0000
1.0380,0.6972,0.9926,1.0000
0.4892,0.9369,1.1744,1.0000
0.8603,1.2461,0.9706,1.0000
0.8972,1.2918,1.2518,1.0000
1.2391,1.0837,1.0363,1.0000
0.7377,0.9203,1.1340,1.0000
1.1890,1.0987,0.9423,1.0000
0.9429,1.1481,0.8228,1.0000
1.0179,1.1853,0.8494,1.0000
0.7036,1.2102,0.8537,1.0000
1.2077,1.1672,0.9390,1.0000
0.8506,0.6522,1.1019,1.0000
1.2917,0.8691,0.8708,1.0000
0.3355,1.3408,0.8513,1.0000
0.9834,0.7307,1.1873,1.0000
1.0734,0.7744,0.9041,1.0000
1.1327,0.7712,0.7808,1.0000
1.2186,1.0492,0.9511,1.0000
0.6809,0.8781,0.8972,1.0000
1.3645,1.0559,1.0254,1.0000
1.0812,0.7347,1.0952,1.0000
1.0776,1.0411,1.0629,1.0000
0.8371,1.2232,1.2102,1.0000
1.0235,1.4895,1.1087,1.0000
0.9367,0.9849,0.8499,1.0000
0.9266,0.8770,1.1932,1.0000
1.1091,0.9467,0.9500,1.0000
1.3208,1.4368,1.1322,1.0000
0.6646,0.5799,0.4661,1.0000
0.8464,0.5849,0.8354,1.0000
0.7789,0.7735,0.9505,1.0000
1.2807,0.8581,0.7174,1.0000
1.0291,1.0799,1.2459,1.0000
1.2482,0.9321,1.3436,1.0000
0.9008,0.7776,1.0566,1.0000
1.2946,1.1782,0.7595,1.0000
1.0297,1.2078,0.8852,1.0000
0.7142,1.3806,1.4513,1.0000
1.0992,1.3290,0.9601,1.0000
1.5201,0.8508,1.3132,1.0000
0.9418,1.1258,0.7112,1.0000
0.8691,1.0180,1.2774,1.0000
1.1228,1.1482,0.9994,1.0000
1.0021,1.2892,0.9793,1.0000
0.9549,1.1062,1.2162,1.0000
0.9929,0.8620,1.0962,1.0000
0.6048,1.4269,0.9216,1.0000
0.8233,1.1958,0.8441,1.0000
0.7223,0.7259,1.0257,1.0000
0.7138,0.8375,1.2001,1.0000
0.9366,0.9995,1.1208,1.0000
0.8953,0.8602,0.6339,1.0000
0.7773,0.9755,0.6724,1.0000
0.7636,0.8580,1.3422,1.0000
0.9542,1.3124,1.0790,1.0000
1.2148,0.8313,0.7935,1.0000
0.9390,1.0634,1.2426,1.0000
0.8511,0.9082,1.3244,1.0000
1.0662,0.8329,0.7370,1.0000
0.8366,1.1339,1.3581,1.0000
0.8966,1.1868,0.9310,1.0000
0.8862,1.1249,1.0503,1.0000
0.8559,1.1525,0.7734,1.0000
0.7764,1.4186,1.1716,1.0000
1.4800,0.9334,0.8080,1.0000
1.2095,0.7406,1.0553,1.0000
1.1318,0.7910,1.0073,1.0000
0.6959,1.2943,1.2239,1.0000
1.1946,0.5930,1.0822,1.0000
1.0935,1.3288,0.9506,1.0000
1.1021,0.7275,0.8574,1.0000
0.6542,1.2445,1.0399,1.0000
1.1433,1.1309,0.8125,1.0000
0.8829,0.7492,0.8871,1.0000
0.9218,1.1381,1.0748,1.0000
1.2881,0.8312,0.9177,1.0000
0.8377,0.8995,0.7533,1.0000
1.0256,1.1932,0.9159,1.0000
0.8608,0.8749,0.7109,1.0000
1.1704,0.9620,1.2993,1.0000
1.0964,1.1287,1.0012,1.0000
1.1234,1.0430,0.8432,1.0000
0.9347,0.8584,1.2968,1.0000
0.6571,1.1154,0.9442,1.0000
1.0795,1.0013,0.8509,1.0000
1.1887,0.9206,0.6748,1.0000
0.8105,0.7378,0.8064,1.0000
0.8830,0.9096,1.2196,1.0000
0.7868,0.6738,1.1418,1.0000
0.9271,1.0898,1.1376,1.0000
0.8748,1.0985,1.0693,1.0000
1.0965,1.0490,1.0593,1.0000
1.0742,1.1526,0.9223,1.0000
0.9412,0.7875,0.8571,1.0000
1.2750,0.9500,0.9792,1.0000
1.0326,1.2170,1.0345,1.0000
0.8100,1.0958,0.8271,1.0000
1.0931,0.9557,1.1604,1.0000
0.8843,1.1103,1.1070,1.0000
0.8399,1.3789,1.0421,1.0000
1.0656,0.8829,1.5289,1.0000
0.9602,0.6183,1.5106,1.0000
0.9721,1.1580,1.2204,1.0000
1.0495,1.2277,1.0647,1.0000
1.2271,1.4109,1.0177,1.0000
1.3654,1.0979,0.9996,1.0000
0.9271,0.7283,0.9325,1.0000
0.8033,1.1495,1.0334,1.0000
1.1152,0.8556,1.0699,1.0000
0.9132,1.0109,0.5952,1.0000
0.8618,0.9593,0.9298,1.0000
1.3412,0.8391,1.0789,1.0000
1.0151,1.1079,1.0189,1.0000
0.8417,1.0720,0.9893,1.0000
0.9060,1.2994,0.5364,1.0000
0.6775,1.1202,1.1857,1.0000
1.1360,0.9749,1.0459,1.0000
0.9752,1.1083,1.0951,1.0000
0.8143,0.8249,0.8032,1.0000
1.0779,1.1458,1.1054,1.0000
1.0108,0.9654,1.0871,1.0000
1.0944,0.9823,0.8490,1.0000
0.5352,1.1607,1.0655,1.0000
0.9665,1.1727,1.1121,1.0000
0.7735,0.8764,1.2372,1.0000
1.3621,1.2514,0.7996,1.0000
0.9390,0.6512,0.8879,1.0000
0.7306,1.0485,0.6922,1.0000
0.8611,0.5626,0.7980,1.0000
1.1216,0.8131,0.7382,1.0000
1.1388,1.1206,0.7516,1.0000
1.0064,0.9391,0.8472,1.0000
1.0554,1.2105,1.1467,1.0000
0.8588,0.7597,0.8816,1.0000
1.1170,0.7842,1.0565,1.0000
1.0265,0.7333,0.8922,1.0000
1.0275,1.0616,1.1892,1.0000
1.0263,0.9816,0.8085,1.0000
1.0297,0.9874,0.8211,1.0000
0.9616,1.1310,0.8682,1.0000
0.8144,0.9291,1.2130,1.0000
1.0302,0.9573,0.8443,1.0000
0.5869,0.8867,0.8913,1.0000
0.8943,0.8641,1.1030,1.0000
0.8510,1.1084,0.7268,1.0000
1.0356,0.8436,1.0843,1.0000
1.0730,1.0960,1.1874,1.0000
0.6624,1.2617,1.2141,1.0000
0.8426,0.9432,1.0467,1.0000
0.8290,1.1030,0.8625,1.0000
0.9518,0.6914,0.9224,1.0000
1.2413,0.6996,1.0408,1.0000
0.9374,1.0210,0.9501,1.0000
1.0326,0.6132,1.1852,1.0000
1.1592,0.8605,1.3335,1.0000
0.8858,1.2012,1.0470,1.0000
1.4559,1.2020,1.0423,1.0000
1.0145,1.4111,1.0179,1.0000
0.5971,1.0027,0.9181,1.0000
0.9084,1.1652,0.9483,1.0000
0.6311,1.0680,1.1841,1.0000
0.6996,0.8288,0.8512,1.0000
1.3007,0.9942,1.0195,1.0000
0.8231,0.9527,0.7977,1.0000
0.9736,0.9273,1.3086,1.0000
0.9980,0.9881,1.0299,1.0000
0.9415,1.1847,1.1554,1.0000
0.6501,1.0171,1.0929,1.0000
0.7973,1.0999,1.0973,1.0000
1.1852,1.1290,1.0603,1.0000
0.8859,1.1004,0.7290,1.0000
1.2579,1.0927,0.9235,1.0000
1.1479,1.1890,1.0850,1.0000
0.9295,0.9877,1.0832,1.0000
1.0877,1.1394,1.7319,1.0000
1.0642,1.1214,1.1368,1.0000
1.4178,0.7846,1.0938,1.0000
0.8537,1.1951,1.2055,1.0000
1.3404,1.0505,1.0020,1.0000
0.8670,1.2793,1.2246,1.0000
0.7193,0.8277,1.1933,1.0000
0.9266,0.5550,1.1422,1.0000
0.7220,0.7643,0.9152,1.0000
1.1619,0.9974,0.9877,1.0000
0.8429,1.2636,0.7093,1.0000
0.9899,1.1174,1.1537,1.0000
0.6880,0.7896,1.1128,1.0000
1.3059,0.9244,1.1900,1.0000
0.8748,0.9102,0.8464,1.0000
1.0531,1.0717,0.4871,1.0000
0.8536,0.8442,1.2803,1.0000
0.7230,0.9031,1.0041,1.0000
0.7719,1.3039,0.5363,1.0000
0.9306,1.3280,1.0189,1.0000
1.1580,1.0165,0.7745,1.0000
1.1376,1.1622,0.8477,1.0000
0.9323,0.8461,0.8637,1.0000
0.9595,1.0189,1.2266,1.0000
0.8099,0.7496,1.0532,1.0000
0.8646,0.9311,0.9721,1.0000
0.9972,0.8936,0.7370,1.0000
1.3842,0.9702,1.2009,1.0000
0.7071,1.2076,0.8103,1.0000
0.5300,0.5081,0.7255,1.0000
0.6437,1.2059,1.2480,1.0000
1.0779,1.1055,0.9271,1.0000
0.6497,1.1147,0.8513,1.0000
0.7718,1.1395,0.6915,1.0000
1.2604,0.9455,0.7862,1.0000
0.5857,0.8542,0.6812,1.0000
1.2585,0.8112,1.0834,1.0000
0.6902,1.4652,0.7376,1.0000
1.1393,1.0560,0.9363,1.0000
0.8110,1.2851,0.9891,1.0000
0.7519,1.0287,1.1993,1.0000
0.6704,0.9590,0.7901,1.0000
0.7719,1.2372,1.0830,1.0000
0.9361,0.9679,0.9225,1.0000
0.7881,1.0166,0.7238,1.0000
0.9381,1.3669,0.8934,1.0000
0.9000,1.2675,0.8551,1.0000
1.1186,1.1051,1.2770,1.0000
0.8053,0.7997,0.5968,1.0000
0.9692,1.1877,0.5229,1.0000
1.0254,0.8049,1.2728,1.0000
0.9577,1.2789,1.2412,1.0000
0.7839,1.1111,0.9846,1.0000
0.9952,1.0339,1.1661,1.0000
1.1878,0.9474,1.2369,1.0000
1.0683,0.9373,0.7658,1.0000
1.1242,1.1669,0.8747,1.0000
0.6758,1.1114,0.8165,1.0000
1.2720,1.1576,1.0510,1.0000
1.3358,1.1163,1.0340,1.0000
0.8600,1.2784,0.6008,1.0000
0.3807,0.7199,0.9536,1.0000
1.1467,1.3460,1.0470,1.0000
0.9553,0.9814,0.9559,1.0000
0.9870,0.7471,0.8842,1.0000
1.2664,0.8148,1.0509,1.0000
0.6977,1.2087,1.3300,1.0000
1.1943,1.1906,0.8606,1.0000
1.1828,1.2665,1.1569,1.0000
0.9854,1.2245,0.8513,1.0000
1.2324,0.5480,0.7828,1.0000
0.7076,0.9863,1.2177,1.0000
1.3100,0.8447,0.9287,1.0000
1.0745,1.1823,0.8270,1.0000
0.9008,0.6647,1.1241,1.0000
1.2141,1.3392,0.9558,1.0000
1.2880,1.2812,1.2248,1.0000
1.3465,1.1588,1.0936,1.0000
0.6656,0.9357,1.0108,1.0000
0.8446,1.0897,1.0532,1.0000
1.2982,1.0101,1.0507,1.0000
1.0857,0.9655,1.1536,1.0000
0.9609,1.0413,1.3032,1.0000
1.1633,1.1027,0.7371,1.0000
1.5184,1.1458,1.1739,1.0000
1.0841,1.0452,0.7402,1.0000
1.1523,0.6732,0.8373,1.0000
0.6083,0.9078,1.1792,1.0000
1.0935,1.1930,0.9464,1.0000
0.9990,0.9560,1.2273,1.0000
1.0841,1.2182,0.8713,1.0000
1.0781,0.9893,0.8434,1.0000
0.9940,1.0040,0.8419,1.0000
1.1499,1.0164,1.1485,1.0000
-0.1512,0.0525,-0.2746,-1.0000
-0.0106,-0.2974,0.2744,-1.0000
-0.2250,-0.0017,0.0644,-1.0000
0.2401,-0.0825,0.1540,-1.0000
0.0297,-0.1482,0.0203,-1.0000
-0.1601,0.3524,-0.1436,-1.0000
0.4469,-0.2192,0.0935,-1.0000
0.3199,-0.0863,-0.5305,-1.0000
-0.1889,-0.2161,-0.0916,-1.0000
-0.1532,-0.1745,-0.5940,-1.0000
0.1531,0.0422,-0.2913,-1.0000
0.2198,-0.1050,0.1055,-1.0000
-0.0004,0.3111,0.0209,-1.0000
-0.0213,0.1316,-0.0776,-1.0000
0.0651,-0.0984,0.1693,-1.0000
0.0044,0.2429,0.0654,-1.0000
0.1913,-0.5589,0.0877,-1.0000
-0.1004,0.0352,-0.1131,-1.0000
-0.1622,-0.2211,0.1955,-1.0000
-0.2530,-0.1464,-0.0952,-1.0000
0.3150,-0.1251,0.0213,-1.0000
-0.1851,-0.0935,0.0398,-1.0000
0.2667,-0.0990,-0.1943,-1.0000
-0.0883,0.1950,0.0928,-1.0000
0.1463,-0.1053,-0.4039,-1.0000
0.1996,-0.1602,-0.3702,-1.0000
0.1679,0.2327,0.1482,-1.0000
0.1154,-0.1576,-0.0408,-1.0000
0.2818,0.3113,0.1996,-1.0000
-0.2138,0.1369,-0.0514,-1.0000
-0.1991,0.0878,0.3584,-1.0000
0.0454,0.3101,-0.1582,-1.0000
-0.3376,-0.2467,-0.0139,-1.0000
0.0362,-0.0217,0.1457,-1.0000
-0.3277,0.3638,-0.0225,-1.0000
0.3599,-0.2993,0.2596,-1.0000
0.0557,-0.2731,0.0756,-1.0000
0.1731,0.3263,-0.2287,-1.0000
-0.1145,0.3143,0.1635,-1.0000
0.2158,-0.1215,0.1775,-1.0000
-0.3835,0.2636,0.1323,-1.0000
0.2861,-0.1882,-0.0345,-1.0000
-0.2683,0.0349,0.0571,-1.0000
0.4881,0.1864,0.0770,-1.0000
-0.2101,-0.0031,0.0963,-1.0000
0.1407,0.1897,0.1347,-1.0000
0.2652,-0.0413,0.0721,-1.0000
0.1323,-0.2287,0.1937,-1.0000
-0.0266,0.0922,0.2527,-1.0000
0.3262,-0.0934,-0.0998,-1.0000
0.3297,0.0522,-0.0926,-1.0000
-0.0573,0.1484,0.3097,-1.0000
0.1253,-0.4231,-0.1772,-1.0000
0.1635,0.1615,-0.1348,-1.0000
-0.1831,-0.0704,0.0069,-1.0000
0.0124,-0.1214,0.1515,-1.0000
0.3266,-0.3377,0.1586,-1.0000
-0.0925,-0.0901,0.0938,-1.0000
0.0295,0.2848,0.0123,-1.0000
-0.1161,0.2386,-0.2462,-1.0000
0.4355,-0.1376,0.2046,-1.0000
-0.0873,-0.0833,-0.1825,-1.0000
0.0620,0.2836,0.3296,-1.0000
0.3108,0.2030,-0.4862,-1.0000
0.1453,0.0488,-0.1677,-1.0000
0.0921,0.1665,0.0323,-1.0000
0.1304,0.1170,0.4673,-1.0000
0.0927,0.4080,0.0200,-1.0000
0.0451,0.2913,0.3891,-1.0000
-0.0141,-0.1680,0.0238,-1.0000
-0.1129,-0.0079,-0.1633,-1.0000
0.2090,0.1586,-0.1391,-1.0000
-0.0771,-0.1228,-0.0532,-1.0000
0.0269,-0.1932,-0.0354,-1.0000
-0.2935,0.1382,0.1518,-1.0000
0.1540,0.1597,0.0509,-1.0000
0.0885,-0.2274,0.0577,-1.0000
-0.5556,0.0732,0.3658,-1.0000
-0.2839,-0.3160,0.3768,-1.0000
-0.0274,-0.0350,-0.3298,-1.0000
0.0714,0.0227,0.2324,-1.0000
0.1315,0.1889,-0.1869,-1.0000
-0.2760,-0.2874,0.0115,-1.0000
0.0059,0.0271,-0.1078,-1.0000
0.2612,0.0696,0.0571,-1.0000
-0.4042,0.1703,0.1230,-1.0000
-0.5919,-0.0991,0.0981,-1.0000
0.4033,0.0426,0.0407,-1.0000
0.1770,0.1232,-0.1904,-1.0000
-0.2248,-0.1071,0.2286,-1.0000
0.1379,-0.0142,0.0003,-1.0000
-0.0168,0.2881,0.3163,-1.0000
0.2045,0.1112,-0.2039,-1.0000
-0.0118,0.1091,0.0768,-1.0000
0.1500,-0.0090,-0.2404,-1.0000
-0.0381,0.1221,-0.2227,-1.0000
-0.0485,0.1510,-0.1007,-1.0000
0.2091,-0.0328,-0.0978,-1.0000
-0.2107,-0.2148,0.3124,-1.0000
-0.2356,-0.1886,0.0518,-1.0000
0.0880,0.4134,0.0836,-1.0000
0.0735,-0.1066,0.1868,-1.0000
-0.2920,-0.0011,-0.0571,-1.0000
-0.3087,0.0394,0.3542,-1.0000
-0.0696,-0.2426,-0.0032,-1.0000
0.0843,0.1290,-0.0688,-1.0000
-0.0283,0.0669,0.3178,-1.0000
-0.1585,-0.0543,-0.1924,-1.0000
-0.0228,-0.0141,0.1205,-1.0000
0.2838,0.1501,0.1429,-1.0000
-0.0048,-0.1020,0.1258,-1.0000
-0.0366,-0.0903,-0.1030,-1.0000
0.0908,-0.0684,0.0315,-1.0000
-0.2017,-0.0897,0.1696,-1.0000
-0.1223,0.1461,-0.0131,-1.0000
0.0206,0.4249,-0.1781,-1.0000
-0.0805,0.2718,-0.0192,-1.0000
-0.1600,0.0129,-0.1419,-1.0000
0.1864,-0.2593,0.3377,-1.0000
0.0302,0.0466,0.0419,-1.0000
0.0797,-0.1875,0.0131,-1.0000
0.3635,-0.2565,0.1583,-1.0000
-0.2770,0.2401,-0.0254,-1.0000
-0.1046,0.3633,0.3464,-1.0000
-0.2227,-0.3565,0.0821,-1.0000
0.1407,0.0159,0.0906,-1.0000
0.1325,-0.8007,0.2698,-1.0000
0.1476,0.0425,0.3649,-1.0000
-0.1280,0.2008,-0.1335,-1.0000
0.0730,-0.4744,0.0464,-1.0000
0.0587,0.0117,-0.1156,-1.0000
-0.0472,-0.1511,-0.0359,-1.0000
0.1508,0.0074,0.2062,-1.0000
0.0017,0.1028,0.0972,-1.0000
-0.3162,0.0377,0.2850,-1.0000
-0.1038,-0.0956,0.0907,-1.0000
-0.0013,-0.1945,0.1838,-1.0000
-0.1181,0.1138,-0.0922,-1.0000
0.1043,0.0702,0.1379,-1.0000
-0.2676,0.0841,0.3114,-1.0000
0.0742,0.2826,-0.3515,-1.0000
0.1899,0.2206,0.2199,-1.0000
-0.3643,0.0097,0.0745,-1.0000
-0.0470,0.2919,-0.3531,-1.0000
0.0753,-0.1951,-0.1662,-1.0000
-0.1104,-0.0090,-0.0443,-1.0000
0.0141,0.1689,0.0268,-1.0000
-0.0385,-0.2014,-0.1852,-1.0000
-0.5477,0.1978,-0.0191,-1.0000
-0.1468,0.2081,0.1185,-1.0000
0.0561,-0.1892,-0.3504,-1.0000
-0.1560,0.4458,0.0249,-1.0000
0.3848,0.0787,-0.0191,-1.0000
0.0816,-0.0076,-0.1282,-1.0000
0.0899,0.3104,-0.0697,-1.0000
0.2360,-0.0810,0.1460,-1.0000
0.1406,-0.3780,0.0033,-1.0000
0.2227,0.2969,0.2448,-1.0000
-0.0675,-0.0749,-0.0476,-1.0000
0.2522,-0.3029,-0.2677,-1.0000
-0.2072,-0.1083,0.1035,-1.0000
0.1057,-0.2685,-0.1981,-1.0000
0.3600,-0.3014,-0.3393,-1.0000
-0.3875,0.2560,-0.0755,-1.0000
0.1981,-0.2632,0.0514,-1.0000
0.0854,-0.4787,0.2704,-1.0000
-0.4065,-0.1122,0.1865,-1.0000
-0.1681,0.2014,-0.4079,-1.0000
0.2956,-0.2371,-0.0049,-1.0000
-0.1524,-0.2069,-0.1403,-1.0000
0.2879,0.0746,-0.2195,-1.0000
-0.1836,-0.0033,0.2061,-1.0000
0.0804,0.5556,-0.0189,-1.0000
0.1162,0.0256,-0.2402,-1.0000
0.1947,0.0248,0.4785,-1.0000
-0.2834,0.1610,0.0638,-1.0000
0.0135,-0.1748,-0.2486,-1.0000
-0.4977,-0.1871,-0.1636,-1.0000
-0.1977,-0.1530,0.3141,-1.0000
-0.4449,-0.1231,-0.2360,-1.0000
-0.0429,-0.1087,-0.0041,-1.0000
0.3039,-0.0378,-0.0509,-1.0000
0.1753,0.0182,0.1879,-1.0000
0.0849,0.2565,0.0838,-1.0000
-0.0284,0.1281,0.1150,-1.0000
-0.0183,0.1315,-0.1895,-1.0000
-0.0076,0.1456,0.0123,-1.0000
-0.0283,0.0378,0.0652,-1.0000
-0.3063,0.0086,0.2379,-1.0000
-0.0653,-0.0565,-0.0102,-1.0000
-0.0458,0.0145,0.0514,-1.0000
-0.0015,-0.2192,-0.1972,-1.0000
0.0594,0.1498,-0.1876,-1.0000
-0.1297,-0.2674,0.0331,-1.0000
-0.0333,-0.2515,-0.1423,-1.0000
0.1867,0.2609,0.1431,-1.0000
0.4497,0.0269,-0.2557,-1.0000
0.0560,-0.0783,-0.3087,-1.0000
-0.1110,0.2839,0.2149,-1.0000
0.1970,0.0930,0.0636,-1.0000
-0.3004,-0.4436,0.0186,-1.0000
-0.1181,-0.1138,0.1764,-1.0000
-0.0720,0.1835,-0.4394,-1.0000
0.0943,0.1203,-0.1112,-1.0000
-0.2903,-0.1074,0.2364,-1.0000
-0.2653,0.3092,0.0655,-1.0000
-0.0143,0.1262,0.1563,-1.0000
-0.3249,-0.0891,-0.0036,-1.0000
0.1251,-0.1263,-0.1723,-1.0000
-0.1397,-0.0615,-0.0059,-1.0000
0.2216,-0.0110,-0.0123,-1.0000
-0.1106,-0.3744,-0.0757,-1.0000
0.1321,-0.1576,-0.0918,-1.0000
0.0296,0.0228,-0.0108,-1.0000
-0.0330,-0.1229,-0.2921,-1.0000
-0.2656,-0.1474,-0.0032,-1.0000
0.1520,0.4286,0.2435,-1.0000
0.1876,-0.1233,-0.0886,-1.0000
-0.0409,0.3236,0.2541,-1.0000
0.0196,-0.4765,0.1854,-1.0000
0.0216,0.0289,0.2351,-1.0000
-0.2853,-0.1898,0.1753,-1.0000
-0.0613,0.1939,-0.1792,-1.0000
0.3706,-0.0143,-0.4135,-1.0000
-0.0509,0.0069,-0.0533,-1.0000
0.1664,-0.0981,0.0530,-1.0000
-0.0505,-0.2923,-0.2197,-1.0000
-0.3887,-0.0639,0.0273,-1.0000
-0.2488,0.3001,0.3631,-1.0000
0.2469,0.1931,0.0628,-1.0000
-0.0828,-0.3295,-0.1086,-1.0000
-0.1108,-0.0197,-0.2021,-1.0000
-0.3098,-0.1900,-0.2763,-1.0000
-0.1459,-0.0450,0.1408,-1.0000
0.0265,-0.1760,-0.1328,-1.0000
0.3190,-0.0235,-0.2938,-1.0000
-0.0884,-0.3141,0.1595,-1.0000
0.2438,0.3493,0.0864,-1.0000
0.0444,0.0821,-0.2157,-1.0000
0.0214,-0.0715,-0.2595,-1.0000
0.0272,0.3472,0.0531,-1.0000
0.1117,0.0611,-0.0203,-1.0000
-0.2446,0.0833,-0.1138,-1.0000
-0.1979,-0.1339,0.1460,-1.0000
0.1259,0.1509,-0.0340,-1.0000
-0.4632,-0.3424,-0.3012,-1.0000
0.2314,-0.0191,0.0742,-1.0000
-0.0463,-0.1705,-0.0940,-1.0000
-0.0956,-0.5594,-0.1350,-1.0000
0.0151,0.1502,0.2345,-1.0000
0.1012,0.1902,0.0781,-1.0000
0.3440,-0.1701,0.0157,-1.0000
-0.0099,-0.1118,0.0557,-1.0000
0.0455,0.1708,0.1458,-1.0000
0.2333,-0.3239,0.0386,-1.0000
0.0907,-0.1719,0.0551,-1.0000
0.0819,-0.1226,-0.1640,-1.0000
0.0590,0.0893,-0.0427,-1.0000
-0.0582,-0.0550,0.1782,-1.0000
-0.0738,0.1934,0.0740,-1.0000
-0.1913,0.1022,0.0259,-1.0000
-0.0374,-0.0989,0.0229,-1.0000
0.1721,-0.0233,-0.0689,-1.0000
-0.0918,-0.0057,0.1171,-1.0000
-0.2472,0.1021,0.0047,-1.0000
-0.0328,-0.0540,-0.0654,-1.0000
0.1209,-0.2011,0.3062,-1.0000
0.2633,0.2240,0.1120,-1.0000
-0.1334,-0.0763,-0.3912,-1.0000
-0.3817,-0.1744,0.0475,-1.0000
0.2842,-0.1107,-0.2180,-1.0000
-0.0569,-0.1196,0.0177,-1.0000
-0.1099,0.0803,0.3180,-1.0000
0.0303,0.0106,0.3842,-1.0000
0.0738,0.1822,-0.2542,-1.0000
-0.1305,0.2479,-0.2433,-1.0000
0.0584,0.4642,-0.3922,-1.0000
-0.1981,-0.0331,-0.2155,-1.0000
-0.5837,0.1565,-0.0857,-1.0000
0.3012,-0.1945,-0.3108,-1.0000
0.0923,-0.2252,0.0473,-1.0000
-0.1460,0.0054,-0.0826,-1.0000
0.3732,0.0047,0.2052,-1.0000
0.2899,-0.1816,0.2400,-1.0000
0.2930,-0.0907,0.1718,-1.0000
-0.0631,-0.1551,-0.1931,-1.0000
-0.0501,-0.1632,0.1045,-1.0000
0.1599,-0.0600,0.1544,-1.0000
0.1143,0.0547,-0.1159,-1.0000
-0.2381,-0.0535,0.1435,-1.0000
-0.3582,-0.0029,0.0236,-1.0000
0.4104,0.1427,0.0537,-1.0000
-0.1632,-0.0502,-0.0708,-1.0000
-0.1711,0.1108,0.0897,-1.0000
0.1101,-0.0906,-0.0829,-1.0000
0.3669,0.0849,0.2835,-1.0000
0.2452,-0.0158,0.0790,-1.0000
0.0933,-0.2372,0.1567,-1.0000
-0.3999,0.1392,0.0702,-1.0000
0.1442,-0.2754,-0.3033,-1.0000
-0.1505,0.0829,-0.1488,-1.0000
-0.0971,0.1155,-0.1078,-1.0000
-0.0822,0.1482,-0.1201,-1.0000
-0.1358,-0.1308,-0.0892,-1.0000
-0.1311,-0.1972,-0.2120,-1.0000
-0.2833,-0.1645,0.1821,-1.0000
0.0106,-0.1564,0.4832,-1.0000
-0.1267,-0.4163,-0.0725,-1.0000
0.0594,-0.1718,0.0282,-1.0000
-0.3631,-0.0976,-0.0319,-1.0000
0.0413,0.1970,0.6247,-1.0000
0.1061,0.0472,0.1530,-1.0000
0.1306,-0.0830,-0.0465,-1.0000
-0.2563,0.1357,0.0242,-1.0000
-0.0970,0.3141,-0.4144,-1.0000
-0.5566,-0.1515,-0.0608,-1.0000
-0.0980,-0.3461,0.2355,-1.0000
0.3505,-0.0881,-0.0789,-1.0000
0.0539,0.1673,-0.4303,-1.0000
0.1215,0.3333,0.2091,-1.0000
-0.4142,0.2127,0.3001,-1.0000
-0.1555,-0.0832,-0.0185,-1.0000
-0.1999,0.0093,-0.1811,-1.0000
-0.0863,-0.6125,-0.1427,-1.0000
-0.3160,-0.2311,-0.0793,-1.0000
-0.0176,0.1699,-0.0061,-1.0000
-0.0922,-0.0696,0.3273,-1.0000
0.0929,-0.1160,0.0862,-1.0000
-0.4628,0.1726,0.2598,-1.0000
0.1184,0.2255,-0.2622,-1.0000
-0.0829,-0.0056,0.0356,-1.0000
0.3250,-0.0786,0.0380,-1.0000
0.0648,-0.1750,0.1555,-1.0000
0.0195,0.4402,-0.1658,-1.0000
0.2588,-0.0373,0.4025,-1.0000
0.1475,-0.0095,0.0056,-1.0000
-0.4478,-0.2320,-0.1994,-1.0000
-0.0033,-0.1837,-0.0226,-1.0000
0.0733,-0.0090,0.0319,-1.0000
-0.0619,-0.2183,-0.3678,-1.0000
0.1067,-0.0310,0.1529,-1.0000
0.1067,0.0490,0.1370,-1.0000
-0.0395,-0.2728,0.3048,-1.0000
-0.2644,0.2230,-0.0708,-1.0000
-0.0801,0.0271,-0.1909,-1.0000
0.0493,0.2769,0.1242,-1.0000
-0.1625,-0.1288,-0.0117,-1.0000
0.2383,0.3742,0.1800,-1.0000
-0.3519,0.0704,-0.1475,-1.0000
0.4845,0.2114,0.2484,-1.0000
0.0322,0.0948,-0.2432,-1.0000
-0.1404,0.0615,0.0634,-1.0000
-0.0743,0.2404,-0.1504,-1.0000
0.1665,0.5109,0.0558,-1.0000
0.2104,0.0334,-0.1967,-1.0000
-0.0714,-0.2721,0.1643,-1.0000
-0.2054,0.0983,0.4100,-1.0000
-0.1474,0.1451,0.1161,-1.0000
-0.3844,-0.2263,0.1996,-1.0000
0.2050,0.0277,0.0191,-1.0000
0.2219,-0.2512,-0.0508,-1.0000
0.1136,-0.3149,-0.2559,-1.0000
0.1975,0.3422,-0.0482,-1.0000
0.0665,-0.1526,-0.0537,-1.0000
-0.1116,0.0788,-0.2048,-1.0000
0.2903,-0.0118,-0.1863,-1.0000
0.0827,-0.2270,0.2927,-1.0000
-0.3974,0.2021,0.0119,-1.0000
0.2800,-0.4089,0.1567,-1.0000
-0.0513,-0.2662,-0.1721,-1.0000
0.0416,-0.1982,0.2528,-1.0000
-0.3364,0.5084,-0.2874,-1.0000
-0.2474,-0.0449,-0.1697,-1.0000
0.0184,-0.0637,0.0386,-1.0000
0.1099,-0.3559,-0.1652,-1.0000
-0.3797,0.1499,-0.2852,-1.0000
-0.0964,-0.2308,-0.1864,-1.0000
-0.0468,-0.1121,0.2588,-1.0000
-0.0252,0.1335,0.0262,-1.0000
0.0870,-0.0583,-0.1758,-1.0000
-0.3404,-0.1602,0.1049,-1.0000
-0.0094,0.0863,-0.3733,-1.0000
0.1638,-0.0333,0.1463,-1.0000
-0.1812,0.0652,0.2708,-1.0000
-0.2119,-0.1574,-0.2964,-1.0000
-0.1188,0.0315,-0.1699,-1.0000
-0.0638,0.2406,0.0089,-1.0000
0.1657,0.0472,-0.4701,-1.0000
0.1753,0.2179,0.1800,-1.0000
0.0473,0.1620,0.0001,-1.0000
0.0570,-0.0068,0.1545,-1.0000
-0.0640,-0.1200,-0.0372,-1.0000
-0.0783,-0.2661,0.0490,-1.0000
-0.1624,-0.0590,-0.0732,-1.0000
0.1961,-0.1368,0.1804,-1.0000
0.0044,-0.1425,0.2703,-1.0000
-0.2408,-0.1214,-0.2339,-1.0000
-0.0396,-0.1458,0.2420,-1.0000
0.4434,-0.1159,0.0865,-1.0000
0.0542,0.0575,-0.1475,-1.0000
-0.1581,-0.0459,0.3478,-1.0000
0.1437,-0.1631,0.1984,-1.0000
0.2486,0.3023,-0.1686,-1.0000
0.1901,-0.1974,0.6105,-1.0000
0.1426,0.1520,-0.0266,-1.0000
0.1699,-0.0803,0.2088,-1.0000
0.0269,0.0437,0.3040,-1.0000
-0.1670,-0.0133,-0.7082,-1.0000
-0.1570,0.2279,0.1468,-1.0000
-0.0126,-0.0207,-0.2005,-1.0000
-0.1036,0.0926,0.2067,-1.0000
0.0906,-0.0720,-0.0360,-1.0000
0.0131,0.0521,-0.0398,-1.0000
-0.1391,-0.3630,0.0143,-1.0000
0.2384,0.2205,0.1233,-1.0000
-0.0119,0.0228,0.1378,-1.0000
0.1771,0.0990,0.0737,-1.0000
0.3159,0.4816,-0.0603,-1.0000
-0.3991,0.2030,0.2459,-1.0000
-0.3955,-0.1091,-0.1559,-1.0000
-0.0376,-0.4191,0.2528,-1.0000
-0.0171,-0.0347,0.1488,-1.0000
-0.0602,0.0242,0.3333,-1.0000
-0.0678,-0.1325,0.0170,-1.0000
-0.2751,0.0484,0.3210,-1.0000
0.0525,-0.0537,-0.0484,-1.0000
-0.0616,-0.2472,-0.2885,-1.0000
-0.1048,-0.0423,0.1944,-1.0000
-0.0978,0.0169,0.1305,-1.0000
0.1779,0.1280,-0.2041,-1.0000
0.0020,0.0660,0.2644,-1.0000
-0.1211,-0.2201,0.0302,-1.0000
-0.0858,-0.5193,0.3019,-1.0000
-0.1450,0.0269,0.2238,-1.0000
0.1651,-0.1705,-0.2416,-1.0000
-0.1629,-0.0394,0.0257,-1.0000
-0.1904,-0.0333,-0.1413,-1.0000
0.1485,-0.2706,0.1175,-1.0000
-0.2444,0.4450,-0.2855,-1.0000
0.3104,0.2669,-0.0271,-1.0000
0.0836,-0.0500,-0.2460,-1.0000
0.0293,0.0755,-0.1219,-1.0000
0.4264,0.1306,0.0302,-1.0000
-0.0328,0.0967,-0.0784,-1.0000
0.1037,0.0037,0.0176,-1.0000
0.0302,-0.3694,0.2012,-1.0000
0.0927,0.1905,-0.1383,-1.0000
0.1461,-0.2207,-0.0140,-1.0000
0.1091,0.1615,-0.0838,-1.0000
-0.0944,0.1927,-0.0509,-1.0000
-0.0914,0.0460,-0.1828,-1.0000
-0.1247,0.0174,0.1526,-1.0000
0.0381,-0.1316,0.4720,-1.0000
0.6650,0.0339,0.2448,-1.0000
-0.2472,0.2032,0.0925,-1.0000
-0.1118,-0.0538,0.1235,-1.0000
0.1884,-0.3751,-0.3930,-1.0000
0.0869,0.2129,-0.1476,-1.0000
0.3286,0.2206,-0.0804,-1.0000
0.1658,0.2120,-0.0242,-1.0000
-0.1004,0.0306,0.2550,-1.0000
-0.1512,-0.0473,0.3785,-1.0000
0.1622,0.1805,-0.0989,-1.0000
0.0867,0.0908,-0.1095,-1.0000
-0.1984,-0.2441,-0.0977,-1.0000
-0.0224,0.1613,-0.0336,-1.0000
-0.0662,-0.0034,0.0018,-1.0000
-0.0377,-0.2635,-0.0515,-1.0000
-0.1427,0.4246,0.0790,-1.0000
0.2370,-0.2486,0.1291,-1.0000
0.1659,0.1813,0.0528,-1.0000
-0.1207,-0.0135,-0.0946,-1.0000
0.1104,-0.0020,-0.0618,-1.0000
-0.2162,-0.2430,-0.0810,-1.0000
-0.5449,0.0999,0.0492,-1.0000
0.0847,-0.3750,0.1643,-1.0000
0.3212,-0.1718,-0.0970,-1.0000
-0.1233,-0.1651,-0.3073,-1.0000
0.0025,-0.0871,0.2252,-1.0000
-0.2874,0.2663,-0.4060,-1.0000
0.4186,0.1904,-0.1604,-1.0000
-0.0967,-0.1496,0.0211,-1.0000
-0.1754,-0.0680,0.0924,-1.0000
-0.2792,-0.2417,0.2065,-1.0000
-0.1095,0.1706,-0.3171,-1.0000
0.0178,0.1405,0.0889,-1.0000
-0.4578,0.0140,-0.1948,-1.0000
-0.1943,0.0948,0.3817,-1.0000
-0.1800,-0.2653,-0.3066,-1.0000
-0.0231,-0.3386,-0.0364,-1.0000
-0.2284,0.0530,0.2307,-1.0000
-0.0977,-0.0686,0.1275,-1.0000
-0.1832,0.1733,-0.2235,-1.0000
0.0527,-0.0476,-0.1809,-1.0000
0.2602,-0.2025,0.0377,-1.0000
-0.1653,0.3006,-0.2252,-1.0000
0.1199,0.2439,0.0715,-1.0000
0.2077,-0.1618,0.0505,-1.0000
0.0092,-0.1049,-0.1001,-1.0000
-0.0385,-0.0822,0.0075,-1.0000
0.4026,-0.0158,0.4861,-1.0000
-0.2389,0.1781,0.1281,-1.0000
-0.0797,-0.1567,0.1091,-1.0000
0.3014,-0.2001,0.2161,-1.0000
0.0177,0.0068,-0.0060,-1.0000
0.1161,-0.0367,-0.0064,-1.0000
-0.2295,0.0691,0.2739,-1.0000
0.1551,-0.0459,0.1947,-1.0000
-0.0587,-0.2018,0.1845,-1.0000
-0.0793,-0.0486,0.2483,-1.0000
-0.0705,0.0956,0.0251,-1.0000
0.0750,-0.1075,0.1916,-1.0000
-0.1287,-0.2027,0.2573,-1.0000
-0.0215,-0.1517,0.2655,-1.0000
0.1158,-0.3062,0.1014,-1.0000
0.5221,-0.4109,-0.0395,-1.0000
-0.1428,-0.1021,0.0655,-1.0000
-0.2631,-0.1396,0.0932,-1.0000
0.0647,0.0128,0.0515,-1.0000
0.0750,0.2124,0.0150,-1.0000
-0.1655,0.1025,-0.0049,-1.0000
0.0626,0.2898,0.4565,-1.0000
0.0703,-0.0152,-0.2348,-1.0000
-0.2030,-0.0629,-0.0708,-1.0000
0.0321,0.2481,0.1162,-1.0000
-0.0536,0.0292,0.3670,-1.0000
-0.1359,0.1442,0.2759,-1.0000
-0.1489,-0.0845,0.0261,-1.0000
0.0130,-0.0025,0.0181,-1.0000
0.0961,-0.0163,0.0805,-1.0000
0.5018,0.3276,-0.2028,-1.0000
-0.1706,0.0157,0.2826,-1.0000
0.1793,-0.0480,0.2143,-1.0000
0.0778,-0.4708,-0.4822,-1.0000
0.2202,0.0839,0.2159,-1.0000
-0.0853,0.0325,0.0971,-1.0000
0.0198,0.1522,-0.0013,-1.0000
-0.0164,-0.0589,0.0621,-1.0000
0.1273,0.0939,0.3167,-1.0000
-0.1264,0.0770,-0.2622,-1.0000
-0.1300,-0.1961,-0.3195,-1.0000
0.0454,-0.0684,-0.0302,-1.0000
0.1340,0.1739,-0.1016,-1.0000
-0.1536,-0.1377,0.0370,-1.0000
0.0602,-0.0201,-0.1065,-1.0000
-0.1311,0.0915,0.0680,-1.0000
0.1362,0.2788,-0.0962,-1.0000
-0.2436,0.1948,0.0921,-1.0000
0.1163,0.0732,0.0221,-1.0000
0.0386,0.2387,0.1407,-1.0000
-0.3051,0.1036,-0.0775,-1.0000
0.3101,-0.2516,0.3338,-1.0000
-0.2278,0.1425,0.3299,-1.0000
0.2696,0.1403,-0.1535,-1.0000
0.1465,-0.0512,-0.0121,-1.0000
-0.0953,0.3552,-0.0505,-1.0000
0.0557,0.0642,0.1542,-1.0000
0.0293,-0.2562,-0.3813,-1.0000
0.3835,-0.1066,-0.0308,-1.0000
-0.1973,-0.2244,-0.5994,-1.0000
0.1262,0.2547,0.1263,-1.0000
-0.1312,0.0274,0.2644,-1.0000
-0.3295,0.0049,0.1586,-1.0000
0.0527,-0.0584,-0.1017,-1.0000
-0.0181,-0.4518,-0.0781,-1.0000
0.3048,0.1581,0.1409,-1.0000
0.5387,0.1569,0.0821,-1.0000
-0.1347,-0.3716,-0.1240,-1.0000
-0.1126,0.1184,-0.0852,-1.0000
-0.3101,0.0364,0.0581,-1.0000
0.0984,0.2221,0.1701,-1.0000
0.2810,0.2491,-0.1545,-1.0000
-0.0682,-0.2090,-0.0538,-1.0000
0.1579,0.3586,-0.2644,-1.0000
-0.0734,0.2034,0.0429,-1.0000
-0.0198,-0.0987,-0.0644,-1.0000
0.1423,0.3431,-0.0378,-1.0000
-0.0404,0.0419,-0.0151,-1.0000
-0.0018,0.0853,-0.0266,-1.0000
0.0334,0.1526,0.2089,-1.0000
0.2959,0.0259,0.1316,-1.0000
-0.4209,0.0715,0.3186,-1.0000
-0.0004,0.0154,-0.1999,-1.0000
0.0158,0.0494,0.2068,-1.0000
0.0763,-0.1583,0.0023,-1.0000
0.1622,-0.0317,-0.4344,-1.0000
-0.0570,0.1371,-0.1117,-1.0000
0.0948,-0.8094,-0.1535,-1.0000
0.5038,-0.0643,0.0673,-1.0000
0.2711,-0.3100,0.1126,-1.0000
-0.1043,0.2432,-0.0304,-1.0000
-0.2093,0.0383,-0.1122,-1.0000
-0.1391,0.2120,0.1048,-1.0000
-0.1061,0.1089,-0.0563,-1.0000
-0.1371,-0.3030,0.3395,-1.0000
-0.2143,0.0617,0.1435,-1.0000
0.1213,-0.0668,0.1031,-1.0000
0.1481,0.2046,-0.3550,-1.0000
-0.2331,0.1349,-0.2449,-1.0000
0.2699,0.0680,-0.1908,-1.0000
0.2659,0.1991,0.2916,-1.0000
-0.0820,0.0644,-0.0312,-1.0000
0.2204,0.1402,0.3144,-1.0000
-0.1545,0.3420,-0.2497,-1.0000
0.1986,-0.1148,0.1112,-1.0000
-0.0393,-0.0578,-0.0467,-1.0000
0.1933,0.0376,-0.0258,-1.0000
-0.1779,-0.0318,0.1356,-1.0000
-0.3335,-0.4391,0.1745,-1.0000
0.0709,-0.1286,-0.1172,-1.0000
-0.1571,0.0011,0.0383,-1.0000
0.0756,-0.1647,-0.2431,-1.0000
-0.0424,0.2140,-0.1624,-1.0000
-0.2507,0.1066,-0.2566,-1.0000
0.3578,0.3899,-0.0690,-1.0000
-0.2021,-0.1808,-0.4114,-1.0000
-0.0446,-0.3254,0.0573,-1.0000
-0.1507,0.1353,-0.0238,-1.0000
0.2056,0.1694,-0.1355,-1.0000
0.0905,0.0536,0.1018,-1.0000
-0.2391,0.1638,0.1250,-1.0000
0.2973,0.2695,0.0424,-1.0000
0.0997,-0.3078,-0.0340,-1.0000
-0.3311,-0.3599,-0.2142,-1.0000
0.0637,-0.0742,-0.1110,-1.0000
0.0442,0.1829,0.3920,-1.0000
-0.1436,0.2012,-0.1748,-1.0000
0.4332,-0.1423,0.1499,-1.0000
0.0690,0.0816,0.0495,-1.0000
0.4092,0.2414,0.0068,-1.0000
-0.3145,0.3124,0.1165,-1.0000
-0.0272,-0.0369,0.1891,-1.0000
0.2685,-0.1264,0.0363,-1.0000
0.1514,-0.1269,-0.2287,-1.0000
-0.0825,0.0429,-0.0608,-1.0000
0.1199,-0.0727,-0.1726,-1.0000
-0.1673,-0.2741,-0.0125,-1.0000
0.3939,0.1532,0.0617,-1.0000
-0.2668,0.0235,0.3162,-1.0000
0.1398,-0.2328,-0.0861,-1.0000
-0.1809,-0.0261,0.1075,-1.0000
-0.2793,-0.2754,0.2170,-1.0000
-0.1403,-0.0188,-0.1206,-1.0000
0.0445,-0.1225,-0.1601,-1.0000
0.3220,-0.0872,-0.1894,-1.0000
0.0272,0.1651,-0.1041,-1.0000
-0.2331,0.1019,0.2523,-1.0000
0.1317,-0.0304,-0.3130,-1.0000
-0.0586,-0.3601,0.0132,-1.0000
0.2150,-0.1367,-0.1137,-1.0000
0.0983,0.0508,-0.0957,-1.0000
-0.1498,-0.1616,-0.3584,-1.0000
-0.2433,-0.2805,-0.2044,-1.0000
0.0537,0.0289,0.2087,-1.0000
-0.3049,-0.1682,-0.1742,-1.0000
-0.0415,0.0623,-0.0081,-1.0000
0.4078,-0.3278,-0.0576,-1.0000
-0.2273,-0.0261,-0.2384,-1.0000
-0.0372,0.1090,-0.0553,-1.0000
0.0135,-0.1332,-0.1077,-1.0000
0.2276,0.1368,0.2253,-1.0000
-0.4529,-0.2664,-0.1930,-1.0000
0.0233,0.1277,0.2014,-1.0000
-0.2506,0.1628,0.2690,-1.0000
-0.4432,-0.0710,0.0978,-1.0000
-0.1287,0.0586,0.0256,-1.0000
-0.0946,0.4701,-0.2558,-1.0000
-0.2012,-0.2463,0.0175,-1.0000
-0.1560,0.0335,-0.0115,-1.0000
0.1815,0.0007,0.2279,-1.0000
0.3481,-0.1663,-0.0049,-1.0000
-0.1470,0.1602,0.4133,-1.0000
0.0799,0.0213,-0.3885,-1.0000
0.1942,-0.1863,0.2301,-1.0000
-0.0181,0.0332,0.1747,-1.0000
0.3045,0.0155,-0.0006,-1.0000
0.3205,0.1031,-0.2159,-1.0000
-0.2863,-0.0299,0.0759,-1.0000
0.0852,0.1734,-0.2463,-1.0000
0.1993,0.2811,0.0629,-1.0000
-0.1189,-0.4360,0.1127,-1.0000
-0.4009,0.1359,0.1303,-1.0000
-0.2804,-0.0349,-0.1867,-1.0000
-0.0800,0.0577,-0.3675,-1.0000
0.1396,0.2593,0.1033,-1.0000
0.4601,0.1594,0.0185,-1.0000
-0.2784,0.2039,0.0864,-1.0000
0.3267,0.3481,-0.0775,-1.0000
0.0436,0.2057,-0.3375,-1.0000
-0.0265,-0.0898,-0.0508,-1.0000
0.0969,0.0292,0.2763,-1.0000
-0.1446,0.2972,-0.3435,-1.0000
-0.1872,-0.2261,-0.0404,-1.0000
0.0582,0.1921,0.1297,-1.0000
0.0322,0.0787,-0.0739,-1.0000
-0.0762,0.3793,0.2593,-1.0000
0.0333,-0.0629,-0.1135,-1.0000
0.0135,0.0754,-0.1096,-1.0000
-0.4806,0.2940,0.5771,-1.0000
0.1403,0.3013,0.1565,-1.0000
-0.1300,-0.1720,-0.1790,-1.0000
-0.1721,-0.3009,-0.0849,-1.0000
0.3083,-0.0605,0.0229,-1.0000
-0.0499,0.1470,0.2236,-1.0000
0.0157,-0.0548,-0.3251,-1.0000
0.0783,-0.0498,-0.0147,-1.0000
-0.0153,-0.2349,-0.2166,-1.0000
0.0262,-0.2379,0.2020,-1.0000
-0.0306,-0.1607,-0.1834,-1.0000
-0.2099,-0.4382,0.0540,-1.0000
0.0233,-0.0167,0.0261,-1.0000
-0.2866,0.0974,-0.0105,-1.0000
0.0749,0.4416,0.2612,-1.0000
-0.0037,-0.0901,0.3298,-1.0000
-0.0517,-0.2824,-0.3059,-1.0000
-0.1570,-0.0048,-0.0280,-1.0000
0.0140,0.1390,-0.1736,-1.0000
-0.1685,0.0648,0.1044,-1.0000
0.3627,0.1433,0.0446,-1.0000
0.0656,0.1403,-0.2253,-1.0000
-0.0782,-0.0758,-0.0815,-1.0000
-0.0207,0.0738,-0.2748,-1.0000
-0.0724,-0.1023,0.0960,-1.0000
-0.1607,0.0250,0.2949,-1.0000
0.2897,-0.0145,-0.0595,-1.0000
-0.1092,-0.0795,-0.0474,-1.0000
0.3892,-0.2869,0.1944,-1.0000
0.0276,-0.0783,-0.2507,-1.0000
0.1567,-0.1857,-0.0935,-1.0000
-0.0597,-0.0747,-0.0247,-1.0000
-0.1100,0.0264,-0.0461,-1.0000
-0.0991,0.1099,0.0520,-1.0000
-0.0457,-0.1178,-0.0701,-1.0000
-0.0319,0.2888,-0.0379,-1.0000
0.0188,-0.2220,0.1971,-1.0000
0.1904,0.0387,0.0952,-1.0000
-0.2152,0.0799,0.2379,-1.0000
0.3837,0.1391,0.1969,-1.0000
-0.1407,-0.3156,0.1345,-1.0000
0.2477,-0.2167,0.1607,-1.0000
-0.3361,0.0859,-0.3543,-1.0000
0.2943,0.1022,-0.0556,-1.0000
0.0568,0.3306,0.0506,-1.0000
-0.1847,-0.0510,-0.2912,-1.0000
-0.1144,-0.0604,0.0113,-1.0000
0.0328,-0.0830,0.1757,-1.0000
0.2928,0.0144,-0.1971,-1.0000
-0.1042,0.1440,0.3209,-1.0000
-0.0056,-0.1258,0.2006,-1.0000
0.3371,0.4523,-0.2411,-1.0000
0.1399,-0.0064,-0.0779,-1.0000
-0.1554,-0.0172,-0.0066,-1.0000
0.2664,0.0173,-0.0771,-1.0000
0.1054,0.1054,0.0801,-1.0000
-0.1532,0.0278,-0.1075,-1.0000
-0.0389,0.1103,0.1147,-1.0000
0.4170,-0.3932,0.0009,-1.0000
0.1962,0.0100,-0.1952,-1.0000
0.2386,-0.1598,0.0696,-1.0000
0.2139,0.0004,-0.1189,-1.0000
-0.2274,-0.1012,0.0218,-1.0000
0.1774,-0.1441,-0.2977,-1.0000
0.0337,-0.0202,-0.0960,-1.0000
0.0777,0.0117,0.0136,-1.0000
-0.2544,-0.1944,0.0714,-1.0000
0.0671,0.1150,-0.3624,-1.0000
0.1267,0.0975,0.1839,-1.0000
0.0096,-0.2294,-0.0414,-1.0000
0.3598,-0.0985,0.3275,-1.0000
-0.0223,0.4291,0.2377,-1.0000
-0.0816,0.0808,0.2222,-1.0000
0.2975,-0.0410,0.3832,-1.0000
-0.0292,0.3126,0.1572,-1.0000
-0.0004,0.1003,-0.1725,-1.0000
0.1066,-0.2658,-0.2263,-1.0000
0.0834,-0.2775,0.0895,-1.0000
0.2209,0.4071,-0.1099,-1.0000
0.1167,0.0468,0.2067,-1.0000
0.2127,-0.0633,-0.2297,-1.0000
-0.0027,-0.1565,-0.0067,-1.0000
0.4765,0.3100,-0.0080,-1.0000
-0.1955,-0.0298,-0.6729,-1.0000
0.1044,-0.1669,0.1279,-1.0000
-0.2455,-0.0256,0.2371,-1.0000
-0.0290,0.1623,-0.1834,-1.0000
0.2418,0.0126,0.3042,-1.0000
-0.0153,-0.0230,-0.2456,-1.0000
-0.3320,0.2152,0.0435,-1.0000
0.2123,0.0526,0.2356,-1.0000
-0.5442,0.1854,-0.0766,-1.0000
-0.0341,-0.1160,0.1430,-1.0000
-0.1849,0.0815,0.0424,-1.0000
0.6274,0.0306,-0.0778,-1.0000
0.0969,-0.1764,0.0217,-1.0000
0.3302,-0.0492,-0.3290,-1.0000
-0.1864,-0.0436,-0.1190,-1.0000
-0.0352,-0.0724,0.0475,-1.0000
0.4209,-0.1116,0.1535,-1.0000
0.2325,0.0661,-0.0498,-1.0000
-0.3455,0.1878,-0.0186,-1.0000
-0.1471,-0.0662,0.0995,-1.0000
-0.2967,0.0250,-0.1836,-1.0000
0.4087,-0.0282,-0.0104,-1.0000
-0.1472,0.1049,-0.0026,-1.0000
-0.0712,0.4267,-0.5637,-1.0000
0.0457,-0.2093,-0.1159,-1.0000
0.2094,-0.1051,0.2665,-1.0000
0.0020,-0.0683,0.2985,-1.0000
0.0421,0.2957,-0.0773,-1.0000
0.1436,0.0908,-0.3035,-1.0000
-0.2741,-0.1792,-0.2006,-1.0000
0.0008,0.1179,-0.0084,-1.0000
-0.3402,0.1188,-0.1873,-1.0000
0.2493,0.0051,-0.0004,-1.0000
-0.1877,0.0392,-0.0915,-1.0000
-0.4793,-0.0965,0.0187,-1.0000
0.0214,-0.1008,0.2263,-1.0000
0.2424,-0.0301,0.2020,-1.0000
0.3006,0.2342,-0.0600,-1.0000
-0.0434,0.1593,-0.0299,-1.0000
-0.0108,-0.0794,-0.0037,-1.0000
-0.0295,-0.0258,0.0288,-1.0000
0.2167,0.0544,0.2377,-1.0000
0.0423,0.2243,0.2306,-1.0000
0.1613,0.4336,-0.1172,-1.0000
-0.2886,-0.2472,0.1889,-1.0000
0.0913,-0.3162,-0.1173,-1.0000
-0.2993,0.1421,0.0100,-1.0000
0.4634,0.0689,-0.4973,-1.0000
0.2825,0.2866,0.0632,-1.0000
0.4004,-0.3628,-0.0183,-1.0000
0.0026,-0.1260,-0.2010,-1.0000
-0.1926,-0.0065,0.0040,-1.0000
0.1179,0.0348,-0.2198,-1.0000
0.0879,0.4426,0.1569,-1.0000
0.3279,0.0981,-0.1702,-1.0000
0.0425,0.0069,-0.1340,-1.0000
0.0908,-0.2462,0.1457,-1.0000
-0.0331,-0.0985,-0.3851,-1.0000
0.2697,0.0072,0.0405,-1.0000
0.3610,0.1207,-0.2088,-1.0000
0.1285,-0.0111,0.5118,-1.0000
0.2744,0.1222,-0.3213,-1.0000
0.0739,0.1065,-0.1716,-1.0000
0.0808,-0.3558,0.0086,-1.0000
0.2032,0.0358,0.0666,-1.0000
-0.1751,0.1159,0.0892,-1.0000
-0.3540,0.0541,-0.0956,-1.0000
0.1428,0.0296,-0.0375,-1.0000
0.2353,0.0981,0.3685,-1.0000
0.0652,0.0449,0.4231,-1.0000
-0.0300,0.1899,0.1351,-1.0000
0.0032,-0.1375,-0.3278,-1.0000
0.4089,0.1568,0.2077,-1.0000
-0.0160,0.2741,-0.4385,-1.0000
-0.1902,-0.1443,0.1198,-1.0000
0.1703,0.0162,-0.1640,-1.0000
-0.2126,0.2636,-0.3023,-1.0000
0.2308,0.3728,0.1317,-1.0000
0.3674,0.2018,0.0856,-1.0000
-0.2284,-0.0135,-0.1025,-1.0000
-0.0736,0.0385,-0.0836,-1.0000
-0.0518,-0.3025,-0.1410,-1.0000
-0.3629,0.3287,0.4789,-1.0000
0.0258,-0.2162,-0.0541,-1.0000
0.4246,-0.0650,-0.0298,-1.0000
0.1595,0.0923,0.0748,-1.0000
-0.1513,0.3199,0.2542,-1.0000
-0.1692,0.2450,-0.3156,-1.0000
0.0240,-0.0888,0.0758,-1.0000
0.0179,0.0737,-0.2159,-1.0000
0.0168,0.1298,0.2372,-1.0000
-0.0197,0.3751,0.1645,-1.0000
-0.2446,0.0453,-0.2440,-1.0000
0.0193,-0.0606,0.0933,-1.0000
0.2312,-0.0033,-0.1924,-1.0000
-0.5078,0.0235,0.0015,-1.0000
-0.0692,0.2624,-0.0185,-1.0000
0.2343,0.3469,-0.2614,-1.0000
-0.2742,0.1885,0.2427,-1.0000
0.3180,-0.1698,-0.5340,-1.0000
-0.0662,0.0011,0.3878,-1.0000
0.0055,0.0737,0.0824,-1.0000
0.1045,0.0311,0.1025,-1.0000
0.1735,0.0777,-0.0386,-1.0000
-0.1123,0.0411,-0.0373,-1.0000
0.2120,-0.0470,0.1713,-1.0000
0.1205,-0.0799,-0.2322,-1.0000
0.0146,-0.2085,0.0700,-1.0000
0.3091,-0.1012,0.1600,-1.0000
-0.3054,0.0071,0.0344,-1.0000
0.3522,-0.0578,-0.1274,-1.0000
-0.0022,0.0600,-0.1060,-1.0000
-0.0578,-0.1885,0.3092,-1.0000
0.4288,0.1068,-0.0260,-1.0000
-0.0988,0.2052,-0.4136,-1.0000
-0.4058,0.3632,0.0211,-1.0000
0.3085,0.0679,0.0007,-1.0000
-0.1233,0.1656,-0.2072,-1.0000
0.1942,-0.0550,-0.1567,-1.0000
0.0522,-0.1570,0.1665,-1.0000
-0.3790,-0.1456,0.1236,-1.0000
-0.2337,-0.0792,-0.0558,-1.0000
-0.1473,0.0152,-0.0587,-1.0000
0.2213,0.1981,-0.1596,-1.0000
-0.0385,0.1200,-0.4612,-1.0000
0.0935,0.0920,-0.0528,-1.0000
0.1334,-0.0749,-0.1593,-1.0000
-0.0716,-0.1807,-0.0521,-1.0000
-0.0378,0.0229,0.0291,-1.0000
-0.2632,0.0707,-0.3295,-1.0000
-0.0162,-0.4722,0.2704,-1.0000
0.0588,0.0061,0.0390,-1.0000
-0.1583,0.0468,0.0690,-1.0000
0.1654,-0.0070,0.5358,-1.0000
0.0947,0.2759,-0.0237,-1.0000
-0.4287,0.2516,-0.4747,-1.0000
-0.0893,0.0706,-0.1376,-1.0000
0.0724,0.2460,0.3460,-1.0000
-0.2484,-0.1063,0.0187,-1.0000
-0.0486,0.1156,0.3685,-1.0000
-0.3589,0.0587,0.0929,-1.0000
0.1123,0.1867,-0.2757,-1.0000
0.2201,0.1120,-0.0444,-1.0000
-0.0424,0.1758,0.1604,-1.0000
-0.0508,-0.0857,0.1817,-1.0000
0.0940,-0.1806,0.4593,-1.0000
-0.0182,-0.2755,0.1485,-1.0000
-0.2058,0.0003,-0.0357,-1.0000
0.2409,0.0772,-0.0151,-1.0000
-0.1034,0.0231,0.1232,-1.0000
-0.0813,-0.1835,-0.1001,-1.0000
-0.1302,0.0966,-0.2252,-1.0000
0.0220,-0.2510,-0.1944,-1.0000
0.2758,-0.2559,-0.1085,-1.0000
0.0433,-0.1577,0.2953,-1.0000
-0.2625,0.1397,0.2521,-1.0000
-0.0225,-0.2791,-0.1866,-1.0000
0.0958,-0.1099,-0.3894,-1.0000
-0.2296,-0.3063,0.3143,-1.0000
-0.1867,0.1271,0.1162,-1.0000
-0.1586,-0.0947,0.3198,-1.0000
0.0314,-0.1367,-0.2900,-1.0000
0.2715,0.0818,-0.1936,-1.0000
0.2203,0.0085,0.0494,-1.0000
-0.0217,-0.0802,0.0178,-1.0000
0.1072,0.0482,0.1778,-1.0000
-0.4102,0.3294,0.0790,-1.0000
0.1912,-0.0041,-0.3073,-1.0000
-0.0933,-0.3155,0.0245,-1.0000
-0.0303,-0.1184,-0.4293,-1.0000
0.0824,0.0429,0.0526,-1.0000
-0.4440,-0.3009,-0.0003,-1.0000
0.1775,-0.2018,0.0660,-1.0000
-0.0837,0.0704,0.3120,-1.0000
0.3885,0.4725,-0.2240,-1.0000
-0.2684,-0.1594,0.3132,-1.0000
0.0956,0.1672,-0.0844,-1.0000
0.1053,0.0946,0.0087,-1.0000
0.0060,-0.1254,0.1774,-1.0000
-0.2710,0.1075,-0.1508,-1.0000
-0.3046,0.1770,0.3610,-1.0000
-0.1842,0.1453,0.0709,-1.0000
0.1870,0.4050,0.1281,-1.0000
-0.0996,-0.1134,-0.0199,-1.0000
-0.0155,-0.3215,0.2522,-1.0000
-0.2854,-0.4900,-0.1665,-1.0000
0.0003,-0.1278,-0.0559,-1.0000
-0.0360,0.0278,0.0489,-1.0000
-0.0541,0.2814,-0.0538,-1.0000
0.0490,0.4173,0.1022,-1.0000
-0.2227,0.2342,0.2942,-1.0000
0.0831,0.1668,-0.1009,-1.0000
0.3186,-0.1127,0.0565,-1.0000
0.2701,0.2163,-0.1680,-1.0000
0.2873,0.1231,0.0357,-1.0000
-0.1088,-0.2064,0.0293,-1.0000
0.0192,0.2426,0.2406,-1.0000
0.0078,0.1976,0.3636,-1.0000
-0.2182,-0.2841,-0.1023,-1.0000
0.1538,-0.1543,-0.1260,-1.0000
0.2657,0.2247,0.3358,-1.0000
0.4614,0.2286,0.1304,-1.0000
-0.3236,0.0223,0.1613,-1.0000
-0.2761,-0.0851,0.3157,-1.0000
-0.0707,-0.0101,0.2568,-1.0000
-0.0868,-0.3735,-0.0408,-1.0000
0.4215,-0.6060,-0.3070,-1.0000
-0.0336,-0.0317,0.0459,-1.0000
0.1578,0.1015,0.2023,-1.0000
-0.1952,0.3779,-0.0655,-1.0000
0.1738,-0.1166,0.2104,-1.0000
-0.3450,-0.1895,0.0753,-1.0000
0.0014,-0.0207,0.0007,-1.0000
0.0989,-0.2132,-0.0609,-1.0000
-0.1801,0.0317,-0.0112,-1.0000
0.0413,-0.1068,-0.1836,-1.0000
-0.0840,0.2307,0.0539,-1.0000
-0.0331,0.1834,-0.1389,-1.0000
0.0988,0.0967,0.0420,-1.0000
